1790715424 6188248
1790715425 6206764
1790715426 6169812
1790715427 6174104
1790715428 6474564
1790715429 6473364
1790715430 6313520
1790715431 6313144
1790715432 6321244
1790715433 6166348
1790715434 6182152
1790715435 6196684
1790715436 6192756
1790715437 6216076
1790715438 6223084
1790715439 6198368
1790715440 6213392
1790715441 6229192
1790715442 6219824
1790715443 6230108
1790715444 6245896
1790715445 6509900
1790715446 6361084
1790715447 6368304
1790715448 6375228
1790715449 6146040
1790715450 6153088
1790715451 6160048
1790715452 6176016
1790715453 6191468
1790715454 6201436
1790715455 6209000
1790715456 6227420
1790715457 6245072
1790715458 6219992
1790715459 6238140
1790715460 6253844
1790715461 6150888
1790715462 6171808
1790715463 6186056
1790715464 6207512
1790715465 6115192
1790715466 6124476
1790715467 6132044
1790715468 6111088
1790715469 6118908
1790715470 6132276
1790715471 6134312
1790715472 6142032
1790715473 6154660
1790715474 6160912
1790715475 6169712
1790715476 6174836
1790715477 6178932
1790715478 6399976
1790715479 6382996
1790715480 6321628
1790715481 6263972
1790715482 6240080
1790715483 6113344
1790715484 6118276
1790715485 6095520
1790715486 6094020
1790715487 6096400
1790715488 6096160
1790715489 6529612
1790715490 6530884
1790715491 6531216
1790715492 6539472
1790715493 6538804
1790715494 6381368
1790715495 6381232
1790715496 6385524
1790715497 6350728
1790715498 6355220
1790715499 6343668
1790715500 6346320
1790715501 6203068
1790715502 6211124
1790715503 5991672
1790715504 6007484
1790715505 6007608
1790715506 6022608
1790715507 6022680
1790715508 5891084
1790715509 5899264
1790715510 5907076
1790715511 5915500
1790715512 5931932
1790715513 5882664
1790715514 5885236
1790715515 5882064
1790715516 5898092
1790715517 5906156
1790715518 5888876
1790715519 5938560
1790715520 5946120
1790715521 5896692
1790715522 5904756
1790715523 5823236
1790715524 5849372
1790715525 5882544
1790715526 5890600
1790715527 5898132
1790715528 5902384
1790715529 5908524
1790715530 5894064
1790715531 5908992
1790715532 5921180
1790715533 5954048
1790715534 5964832
1790715535 5965856
1790715536 5976068
1790715537 5975812
1790715538 5986488
1790715539 6006928
1790715540 6008172
1790715541 6018980
1790715542 6028368
1790715543 6044624
1790715544 6052760
1790715545 6037912
1790715546 6027444
1790715547 6013228
1790715548 6017408
1790715549 6017748
1790715550 5994084
1790715551 6002472
1790715552 6012196
1790715553 6024772
1790715554 6034552
1790715555 6037024
1790715556 6045468
1790715557 5929776
1790715558 5945692
1790715559 5972428
1790715560 5972864
1790715561 5975692
1790715562 5986956
1790715563 5999288
1790715564 6016584
1790715565 6033372
1790715566 6055760
1790715567 6071172
1790715568 6073520
1790715569 6091716
1790715570 6101228
1790715571 6109768
1790715572 6117456
1790715573 6124184
1790715574 6130304
1790715575 6136640
1790715576 6142116
1790715577 6148804
1790715578 6133684
1790715579 6140532
1790715580 6141448
1790715581 6009720
1790715582 6019360
1790715583 6028824
1790715584 6033584
1790715585 6043864
1790715587 6047076
1790715588 6055720
1790715589 6057872
1790715590 6058436
1790715591 6058436
1790715592 6075076
1790715593 6074824
1790715594 6074864
1790715595 6075308
1790715596 6075412
1790715597 6083484
1790715598 6091536
1790715599 6099564
1790715600 6099460
1790715601 6103432
1790715602 6103232
1790715603 6102980
1790715604 6102728
1790715605 6110792
1790715606 6111720
1790715607 6118876
1790715608 6118436
1790715609 6125176
1790715610 6148744
1790715611 6152020
1790715612 6147668
1790715613 6148560
1790715614 6145720
1790715615 6151480
1790715616 6152192
1790715617 6154632
1790715618 6154632
1790715619 6156920
1790715620 6159184
1790715621 6158932
1790715622 6158932
1790715623 6160784
1790715624 6162404
1790715625 6161900
1790715626 6164324
1790715627 6165276
1790715628 6165276
1790715629 6165392
1790715630 6165140
1790715631 6170092
1790715632 6170092
1790715633 6169588
1790715634 6169588
1790715635 6169336
1790715636 6169104
1790715637 6169356
1790715638 6168416
1790715639 6168356
1790715640 6168116
1790715641 6167864
1790715642 6177076
1790715643 6173444
1790715644 6170000
1790715645 6170260
1790715646 6171244
1790715647 6170992
1790715648 6170740
1790715649 6171184
1790715650 6170960
1790715651 6171456
1790715652 6172492
1790715653 6172800
1790715654 6172548
1790715655 6187144
1790715656 6187460
1790715657 6187480
1790715658 6187836
1790715659 6188224
1790715660 6187972
1790715661 6187980
1790715662 6187728
1790715663 6187728
1790715664 6187728
1790715665 6187476
1790715666 6187484
1790715667 6035636
1790715668 6043796
1790715669 6044228
1790715670 6052040
1790715671 6059852
1790715672 6059348
1790715673 6058652
1790715674 6034704
1790715675 6055304
1790715676 6052928
1790715677 6063476
1790715678 6075708
1790715679 6085032
1790715680 6094616
1790715681 6097580
1790715682 6107796
1790715683 6116480
1790715684 6124536
1790715685 6130312
1790715686 6135356
1790715687 6140292
1790715688 6144112
1790715689 6147396
1790715690 6150244
1790715691 6153440
1790715692 6155552
1790715693 6157620
1790715694 6159684
1790715695 6161016
1790715696 6162152
1790715697 6163292
1790715698 6163040
1790715699 6163184
1790715700 6172944
1790715701 6172328
1790715702 6172328
1790715703 6172328
1790715704 6172328
1790715705 6154624
1790715706 6174200
1790715707 6165276
1790715708 6164916
1790715709 6166680
1790715710 6015360
1790715711 6024756
1790715712 6034336
1790715713 6035656
1790715714 6044380
1790715715 6044536
1790715716 6052608
1790715717 6060864
1790715718 6061000
1790715719 6068996
1790715720 6068816
1790715721 6077328
1790715722 6077148
1790715723 6084960
1790715724 6084708
1790715725 6092772
1790715726 6092772
1790715727 6100592
1790715728 6100348
1790715729 6108264
1790715730 6108264
1790715731 6116328
1790715732 6116328
1790715733 6123792
1790715734 6130324
1790715735 6136040
1790715736 6136256
1790715737 6120696
1790715738 6138556
1790715739 6134968
1790715740 6139240
1790715741 6145152
1790715742 6147364
1790715743 6149648
1790715744 6153400
1790715745 6153468
1790715746 6154648
1790715747 6155756
1790715748 6158996
1790715749 6160120
1790715750 6160120
1790715751 6159916
1790715752 6160040
1790715753 6160048
1790715754 6160048
1790715755 6159796
1790715756 6160076
1790715757 6159320
1790715758 6160128
1790715759 6160128
1790715760 6160128
1790715761 6160128
1790715762 6160136
1790715763 6160136
1790715764 6160388
1790715765 6160396
1790715766 6160396
1790715767 6160144
1790715769 6160144
1790715770 6180476
1790715771 6166820
1790715772 6149368
1790715773 6149764
1790715774 6150416
1790715775 6151748
1790715776 6151904
1790715777 6153992
1790715778 6155264
1790715779 6157424
1790715780 6158088
1790715781 6158280
1790715782 6158400
1790715783 6158400
1790715784 6158148
1790715785 6158156
1790715786 6158096
1790715787 6158528
1790715788 6158528
1790715789 6158536
1790715790 6158536
1790715791 6158536
1790715792 6158536
1790715793 6158544
1790715794 6158544
1790715795 6158544
1790715796 6158544
1790715797 6158544
1790715798 6158804
1790715799 6158552
1790715800 6158688
1790715801 6158688
1790715802 6196092
1790715803 6182780
1790715804 6157580
1790715805 6159188
1790715806 6159188
1790715807 6160948
1790715808 6162236
1790715809 6163328
1790715810 6164436
1790715811 6164192
1790715812 6165940
1790715813 6165940
1790715814 6166432
1790715815 6167768
1790715816 6167768
1790715817 6169052
1790715818 6171108
1790715819 6171360
1790715820 6169700
1790715821 6170312
1790715822 6169616
1790715823 6169304
1790715824 6169052
1790715825 6168800
1790715826 6168800
1790715827 6168548
1790715828 6168548
1790715829 6168304
1790715830 6168312
1790715831 6168064
1790715832 6167824
1790715833 6167824
1790715834 6157556
1790715835 6151072
1790715836 6153736
1790715837 6153736
1790715838 6154624
1790715839 6155384
1790715840 6157156
1790715841 6158988
1790715842 6158736
1790715843 6160288
1790715844 6161636
1790715845 6163128
1790715846 6165544
1790715847 6167000
1790715848 6166468
1790715849 6166216
1790715850 6166316
1790715851 6168600
1790715852 6168348
1790715853 6168348
1790715854 6168096
1790715855 6168096
1790715856 6167844
1790715857 6167600
1790715858 6167600
1790715859 6167352
1790715860 6167352
1790715861 6167352
1790715862 6167100
1790715863 6167100
1790715864 6166848
1790715865 6166596
1790715866 6168148
1790715867 6156904
1790715868 6159112
1790715869 6161160
1790715870 6162704
1790715871 6164300
1790715872 6165540
1790715873 6167936
1790715874 6169380
1790715875 6169496
1790715876 6169244
1790715877 6169244
1790715878 6168800
1790715879 6169232
1790715880 6168980
1790715881 6168996
1790715882 6169832
1790715883 6169832
1790715884 6169832
1790715885 6169832
1790715886 6169588
1790715887 6169848
1790715888 6169848
1790715889 6169848
1790715890 6169596
1790715891 6169596
1790715892 6169596
1790715893 6169860
1790715894 6169860
1790715895 6169860
1790715896 6169860
1790715897 6157656
1790715898 6139876
1790715899 6132088
1790715900 6137320
1790715901 6143328
1790715902 6149152
1790715903 6147228
1790715904 6146952
1790715905 6149376
1790715906 6149628
1790715907 6152260
1790715908 6152876
1790715909 6154312
1790715910 6154184
1790715911 6155524
1790715912 6156268
1790715913 6157004
1790715914 6156752
1790715915 6156752
1790715916 6156752
1790715917 6156500
1790715918 6156500
1790715919 6156320
1790715920 6156320
1790715921 6156320
1790715922 6158060
1790715923 6158004
1790715924 6157752
1790715925 6163012
1790715926 6162112
1790715927 6161860
1790715928 6161860
1790715929 6157504
1790715930 6160436
1790715931 6157120
1790715932 6157308
1790715933 6157592
1790715934 6158952
1790715935 6160076
1790715936 6160076
1790715937 6160564
1790715938 6160564
1790715939 6160572
1790715940 6160572
1790715941 6161948
1790715942 6161696
1790715943 6162840
1790715944 6163092
1790715945 6164580
1790715946 6164832
1790715947 6164836
1790715948 6164836
1790715949 6164836
1790715950 6164836
1790715951 6162600
1790715952 6162384
1790715953 6162444
1790715954 6162444
1790715955 6162444
1790715956 6158308
1790715957 6159028
1790715958 6160704
1790715959 6160512
1790715960 6163620
1790715961 6167376
1790715962 6167428
1790715963 6154668
1790715964 6154416
1790715965 6154416
1790715966 6156420
1790715967 6158608
1790715968 6158924
1790715969 6157660
1790715970 6160492
1790715971 6167304
1790715972 6167304
1790715974 6167576
1790715975 6167828
1790715976 6167828
1790715977 6167820
1790715978 6167804
1790715979 6167552
1790715980 6167556
1790715981 6167304
1790715982 6167052
1790715983 6167052
1790715984 6167052
1790715985 6166564
1790715986 6166564
1790715987 6166312
1790715988 6173532
1790715989 6173280
1790715990 6173028
1790715991 6173028
1790715992 6172584
1790715993 6172884
1790715994 6145736
1790715995 6153692
1790715996 6153520
1790715997 6156476
1790715998 6156476
1790715999 6127260
1790716000 6126924
1790716001 6126812
1790716002 6128816
1790716003 6130520
1790716004 6133256
1790716005 6135836
1790716006 6140064
1790716007 6144516
1790716008 6147792
1790716009 6150600
1790716010 6150544
1790716011 6152992
1790716012 6155564
1790716013 6157036
1790716014 6156784
1790716015 6158816
1790716016 6160988
1790716017 6160988
1790716018 6162000
1790716019 6161940
1790716020 6162932
1790716021 6162680
1790716022 6162784
1790716023 6161284
1790716024 6162680
1790716025 6125912
1790716026 6118920
1790716027 6124228
1790716028 6127740
1790716029 6129696
1790716030 6132820
1790716031 6134888
1790716032 6135584
1790716033 6137768
1790716034 6139140
1790716035 6140516
1790716036 6142236
1790716037 6142236
1790716038 6142236
1790716039 6142864
1790716040 6144644
1790716041 6144644
1790716042 6146452
1790716043 6147816
1790716044 6147816
1790716045 6148532
1790716046 6148548
1790716047 6148800
1790716048 6148528
1790716049 6148528
1790716050 6148528
1790716051 6150604
1790716052 6150608
1790716053 6150608
1790716054 6150356
1790716055 6150104
1790716056 6150372
1790716057 6162672
1790716058 6148764
1790716059 6139804
1790716060 6141232
1790716061 6141344
1790716062 6142380
1790716063 6142380
1790716064 6143896
1790716065 6145248
1790716066 6146472
1790716067 6146220
1790716068 6146688
1790716069 6146436
1790716070 6146436
1790716071 6146628
1790716072 6146376
1790716073 6146376
1790716074 6146380
1790716075 6146128
1790716076 6146276
1790716077 6146332
1790716078 6146776
1790716079 6146260
1790716080 6157620
1790716081 6155976
1790716082 6155976
1790716083 6155976
1790716084 6155724
1790716085 6155472
1790716086 6155472
1790716087 6124660
1790716088 6124212
1790716089 6125612
1790716090 6119924
1790716091 6110440
1790716092 6112760
1790716093 6115352
1790716094 6117912
1790716095 6119308
1790716096 6120392
1790716097 6124184
1790716098 6129252
1790716099 6133480
1790716100 6136576
1790716101 6138184
1790716102 6140748
1790716103 6124360
1790716104 6123828
1790716105 6117236
1790716106 6118752
1790716107 6120460
1790716108 6121076
1790716109 6107260
1790716110 6108264
1790716111 6110284
1790716112 6121264
1790716113 6123028
1790716114 6126972
1790716115 6126720
1790716116 6129212
1790716117 6130484
1790716118 6130208
1790716119 6130416
1790716120 6130416
1790716121 6151788
1790716122 6141900
1790716123 6139096
1790716124 6140340
1790716125 6140340
1790716126 6140480
1790716127 6140632
1790716128 6141000
1790716129 6140748
1790716130 6140496
1790716131 6140496
1790716132 6140244
1790716133 6140252
1790716134 6140252
1790716135 6140252
1790716136 6140000
1790716137 6153392
1790716138 6153140
1790716139 6152888
1790716140 6152636
1790716141 6152636
1790716142 6152636
1790716143 6152636
1790716144 6152636
1790716146 6152636
1790716147 6152636
1790716148 6152384
1790716149 6151952
1790716150 6151952
1790716151 6151700
1790716152 6151448
1790716153 6151196
1790716154 6152808
1790716155 6145172
1790716156 6134816
1790716157 6138552
1790716158 6141764
1790716159 6143488
1790716160 6144816
1790716161 6147384
1790716162 6147992
1790716163 6148196
1790716164 6148196
1790716165 6148196
1790716166 6148132
1790716167 6148132
1790716168 6147628
1790716169 6147636
1790716170 6147384
1790716171 6147132
1790716172 6146880
1790716173 6146880
1790716174 6146628
1790716175 6146376
1790716176 6146124
1790716177 6145872
1790716178 6145872
1790716179 6145972
1790716180 6145552
1790716181 6145300
1790716182 6145644
1790716183 6145392
1790716184 6145140
1790716185 6145140
1790716186 6150916
1790716187 6158952
1790716188 6162604
1790716189 6164676
1790716190 6164928
1790716191 6166740
1790716192 6166744
1790716193 6168328
1790716194 6168328
1790716195 6169204
1790716196 6169204
1790716197 6170196
1790716198 6170196
1790716199 6169308
1790716200 6168640
1790716201 6168388
1790716202 6168388
1790716203 6167628
1790716204 6167380
1790716205 6167380
1790716206 6167380
1790716207 6167380
1790716208 5834496
1790716209 5990416
1790716210 5982616
1790716211 5976816
1790716212 5961456
1790716213 5947496
1790716214 5917760
1790716215 5931008
1790716216 5641308
1790716217 6082420
1790716218 5978372
1790716219 5968044
1790716220 5888384
1790716221 5890240
1790716222 5890544
1790716223 5890796
1790716224 5749512
1790716225 5749664
1790716226 5751220
1790716227 5751720
1790716228 5712260
1790716229 5711756
1790716230 5713008
1790716231 5712832
1790716232 5712832
1790716233 5944388
1790716234 5944416
1790716235 5949032
1790716236 5953664
1790716237 5956920
1790716238 5958736
1790716239 5961160
1790716240 5963320
1790716241 5964972
1790716242 5966364
1790716243 5967548
1790716244 5968804
1790716245 5968788
1790716246 5968788
1790716247 5968536
1790716248 5968076
1790716249 5942432
1790716250 5931364
1790716251 5927572
1790716252 5927964
1790716253 5927964
1790716254 5931412
1790716255 5838336
1790716256 5608540
1790716257 5608100
1790716258 5609080
1790716259 5608576
1790716260 5608644
1790716261 5609156
1790716262 5609156
1790716263 5864252
1790716264 5864252
1790716265 5864252
1790716266 5864252
1790716267 5864000
1790716268 5863748
1790716269 5863268
1790716270 5863016
1790716271 5863268
1790716272 5863268
1790716273 5862764
1790716274 5863160
1790716275 5862908
1790716276 5862908
1790716277 5863004
1790716278 5863212
1790716279 5863212
1790716280 5862960
1790716281 5565596
1790716282 5571332
1790716283 5564496
1790716284 5345544
1790716285 5338264
1790716286 5336640
1790716287 5335188
1790716288 5605960
1790716289 5605396
1790716290 5604892
1790716291 5604452
1790716292 5603648
1790716293 5603400
1790716294 5603400
1790716295 5602704
1790716296 5602660
1790716297 5602408
1790716298 5601904
1790716299 5601652
1790716300 5601652
1790716301 5601400
1790716302 5574772
1790716303 5574428
1790716304 5493792
1790716305 5493540
1790716306 5388708
1790716307 5345808
1790716308 4953420
1790716309 4952604
1790716310 4952604
1790716311 4952148
1790716312 4952212
1790716313 4910824
1790716314 4913508
1790716315 4913772
1790716316 4913772
1790716317 4913772
1790716318 4991556
1790716319 4985892
1790716320 4997532
1790716321 5005524
1790716322 5106892
1790716323 5114968
1790716324 5210160
1790716325 5219208
1790716326 5235152
1790716327 5235152
1790716328 5242268
1790716329 5242008
1790716330 5243652
1790716331 5243652
1790716332 5252064
1790716333 5253116
1790716334 5262896
1790716335 5262900
1790716336 5270712
1790716337 5270460
1790716338 5278436
1790716339 5278184
1790716340 5285196
1790716341 5284944
1790716342 5290948
1790716343 5290948
1790716344 5296188
1790716345 5316088
1790716346 5305748
1790716347 5301800
1790716348 5307900
1790716349 5312036
1790716350 5316028
1790716351 5319292
1790716352 5323960
1790716353 5327452
1790716354 5330328
1790716355 5330328
1790716356 5333060
1790716357 5333060
1790716358 5334948
1790716359 5334872
1790716360 5335428
1790716361 5335240
1790716362 5335468
1790716363 5335232
1790716364 5335232
1790716366 5335232
1790716367 5335232
1790716368 5335232
1790716369 5335232
1790716370 5334980
1790716371 5334736
1790716372 5334736
1790716373 5334736
1790716374 5334736
1790716375 5334736
1790716376 5332864
1790716377 5332864
1790716378 5331936
1790716379 5321660
1790716380 5321368
1790716381 5324600
1790716382 5326648
1790716383 5331436
1790716384 5333300
1790716385 5335680
1790716386 5337052
1790716387 5338652
1790716388 5339428
1790716389 5340328
1790716390 5341528
1790716391 5341276
1790716392 5341260
1790716393 5339928
1790716394 5339892
1790716395 5339640
1790716396 5339640
1790716397 5339512
1790716398 5339512
1790716399 5329004
1790716400 5331048
1790716401 5331048
1790716402 5331048
1790716403 5331300
1790716404 5330804
1790716405 5331352
1790716406 5330848
1790716407 5330604
1790716408 5330932
1790716409 5328768
1790716410 5338268
1790716411 5325308
1790716412 5325864
1790716413 5328920
1790716414 5330812
1790716415 5333260
1790716416 5335124
1790716417 5335124
1790716418 5336012
1790716419 5336256
1790716420 5336984
1790716421 5336984
1790716422 5336984
1790716423 5337236
1790716424 5337496
1790716425 5338000
1790716426 5340960
1790716427 5309388
1790716428 5307528
1790716429 5294424
1790716430 5291492
1790716431 5289368
1790716432 5291928
1790716433 5274212
1790716434 5233800
1790716435 5233640
1790716436 5233828
1790716437 5236988
1790716438 5239692
1790716439 5242372
1790716440 5243648
1790716441 5250692
1790716442 5245756
1790716443 5244260
1790716444 5229612
1790716445 5235028
1790716446 5230304
1790716447 5231540
1790716448 5239696
1790716449 5235616
1790716450 5232368
1790716451 5232748
1790716452 5236176
1790716453 5236108
1790716454 5243004
1790716455 5248704
1790716456 5249816
1790716457 5253736
1790716458 5257108
1790716459 5263032
1790716460 5263896
1790716461 5266948
1790716462 5269664
1790716463 5271328
1790716464 5272576
1790716465 5274628
1790716466 5276080
1790716467 5277240
1790716468 5277752
1790716469 5279120
1790716470 5278644
1790716471 5277820
1790716472 5277672
1790716473 5268300
1790716474 5282712
1790716475 5277900
1790716476 5280040
1790716477 5282296
1790716478 5282336
1790716479 5294996
1790716480 5273908
1790716481 5208844
1790716482 5301676
1790716483 5277380
1790716484 5219256
1790716485 5150468
1790716486 5191748
1790716487 5216000
1790716488 5196532
1790716489 5240860
1790716490 5028168
1790716491 5047716
1790716492 4777952
1790716493 4784116
1790716494 4765416
1790716495 4758236
1790716496 4777120
1790716497 4778444
1790716498 4771960
1790716499 4766444
1790716500 4775444
1790716501 4775496
1790716502 4780976
1790716503 4782972
1790716504 4789028
1790716505 4795300
1790716506 4795052
1790716507 4804000
1790716508 4808744
1790716509 8658256
1790716510 9573496
1790716511 121157756
1790716512 122402280
1790716513 122411232
1790716514 122411232
1790716515 122413912
1790716516 122406888
1790716517 122345236
1790716518 122368416
1790716519 122389272
1790716520 122355832
1790716521 122325004
1790716522 122333964
1790716523 122509500
1790716524 122323280
1790716525 122160200
1790716526 122155756
1790716527 122156420
1790716528 122151132
1790716529 122156652
1790716530 122194232
1790716531 122203404
1790716532 122205088
1790716533 122211648
1790716534 122211404
1790716535 122220352
1790716536 122223072
1790716537 122233028
1790716538 122238280
1790716539 122251148
1790716540 122264168
1790716541 122273072
1790716542 122273892
1790716543 122270524
1790716544 122269604
1790716545 122187456
1790716546 122130120
1790716547 121968244
1790716548 121917508
1790716549 121862428
1790716550 121826180
1790716551 121815420
1790716552 121801772
1790716553 121776692
1790716554 121774196
1790716555 121743740
1790716556 121712232
1790716557 121667836
1790716558 121614508
1790716560 121188676
1790716561 120741716
1790716562 121021428
1790716563 120666280
1790716564 120579820
1790716565 120559704
1790716566 120516856
1790716567 120515344
1790716568 120492804
1790716569 120449036
1790716570 120349120
1790716571 119940500
1790716572 119385592
1790716573 119852320
1790716574 119881388
1790716575 119918672
1790716576 119944128
1790716577 119965588
1790716578 119987492
1790716579 120001376
1790716580 120016056
1790716581 120031324
1790716582 120027932
1790716583 120030600
1790716584 120038268
1790716585 120048760
1790716586 120057060
1790716587 120070108
1790716588 120083920
1790716589 120093412
1790716590 120107756
1790716591 120127156
1790716592 120134560
1790716593 120138744
1790716594 120151024
1790716595 120155044
1790716596 120108036
1790716597 119314856
1790716598 118484368
1790716599 118336696
1790716600 118267236
1790716601 118291184
1790716602 118302204
1790716603 118322704
1790716604 116367344
1790716605 102221732
1790716606 76245404
1790716607 50270244
1790716608 25996248
1790716609 26015012
1790716610 26015648
1790716611 26018580
1790716612 26010764
1790716613 25992768
1790716614 25995536
1790716615 26004628
1790716616 26018072
1790716617 26030096
1790716618 26039576
1790716619 26049768
1790716620 26029212
1790716621 26020240
1790716622 26023724
1790716623 26033140
1790716624 26020576
1790716625 26008772
1790716626 26010536
1790716627 25953860
1790716628 25917492
1790716629 25911116
1790716630 25917348
1790716631 25922140
1790716632 25924696
1790716633 25925916
1790716634 25927200
1790716635 25934368
1790716636 25889664
1790716637 25866036
1790716638 25842672
1790716639 25462532
1790716640 21690640
1790716641 20993224
1790716642 19291724
1790716643 17884292
1790716644 17891604
1790716645 17897920
1790716646 17904844
1790716647 17909580
1790716648 22825888
1790716649 22839780
1790716650 22656496
1790716651 22614976
1790716652 21845392
1790716653 21652472
1790716654 21653288
1790716655 21664636
1790716656 21678376
1790716657 21692260
1790716658 21716764
1790716659 20932516
1790716660 21935800
1790716661 20598116
1790716662 20398136
1790716663 20398328
1790716664 20416192
1790716665 20437380
1790716666 20462116
1790716667 20480220
1790716668 20504564
1790716669 20513768
1790716670 20537552
1790716671 20556464
1790716672 19532360
1790716673 19639056
1790716674 19051728
1790716675 19027544
1790716676 17713460
1790716677 16697048
1790716678 15774872
1790716679 18001072
1790716680 19480400
1790716681 19218832
1790716682 18837812
1790716683 18867648
1790716684 17857312
1790716685 18960528
1790716686 11916016
1790716687 11835800
1790716688 11375368
1790716689 10864916
1790716690 10779652
1790716691 10693400
1790716692 10544360
1790716693 10321132
1790716694 10316020
1790716695 9428384
1790716696 10941156
1790716697 10927212
1790716698 10923844
1790716699 10763412
1790716700 10734316
1790716701 10654344
1790716702 10585900
1790716703 10499340
1790716704 10434928
1790716705 10417076
1790716706 10344128
1790716707 10216672
1790716708 10143684
1790716709 10142108
1790716710 10143660
1790716711 10146152
1790716712 10156008
1790716713 10161104
1790716714 10166512
1790716715 10175332
1790716716 10181128
1790716717 10186552
1790716718 10191488
1790716719 10195640
1790716720 10199224
1790716721 10201176
1790716722 10204112
1790716723 10205436
1790716724 10206008
1790716725 10208212
1790716726 10183368
1790716727 10185068
1790716728 10185636
1790716729 10177228
1790716730 10170928
1790716731 10177724
1790716732 10186284
1790716733 10192120
1790716734 10200244
1790716735 10207024
1790716736 10208972
1790716737 10215420
1790716738 10222472
1790716739 10229728
1790716740 10209252
1790716741 10210040
1790716742 10212104
1790716743 10214428
1790716744 10217724
1790716745 10219736
1790716746 10220780
1790716747 10223216
1790716748 10226996
1790716749 10229480
1790716750 10243436
1790716751 10243488
1790716752 10242724
1790716753 10242664
1790716754 10242556
1790716755 10242288
1790716756 10242036
1790716757 10241540
1790716758 10241744
1790716759 10241844
1790716760 10241600
1790716761 10241696
1790716762 10242200
1790716763 10241948
1790716764 10242432
1790716765 10242744
1790716766 10242492
1790716767 10242804
1790716768 10242552
1790716769 10242844
1790716770 10243168
1790716771 10249608
1790716772 10238416
1790716773 10241120
1790716774 10242648
1790716775 10244692
1790716776 10246252
1790716777 10247728
1790716778 10248596
1790716779 10249024
1790716780 10249536
1790716781 10249900
1790716782 10249900
1790716783 10249144
1790716784 10249288
1790716785 10249296
1790716786 10249480
1790716787 10249480
1790716788 10249288
1790716789 10249312
1790716790 10249588
1790716791 10249904
1790716792 10249400
1790716793 10249620
1790716794 10249308
1790716795 10249772
1790716796 10249808
1790716797 10250128
1790716798 10249800
1790716799 10249548
1790716800 10248516
1790716801 10248768
1790716802 10267892
1790716803 10259228
1790716804 10253112
1790716805 10253112
1790716806 10253404
1790716808 10251388
1790716809 10250884
1790716810 10250884
1790716811 10250380
1790716812 10250136
1790716813 10249636
1790716814 10249384
1790716815 10248880
1790716816 10248376
1790716817 10248124
1790716818 10247872
1790716819 10247620
1790716820 10247116
1790716821 10246864
1790716822 10246380
1790716823 10242992
1790716824 10242488
1790716825 10242236
1790716826 10244240
1790716827 10244496
1790716828 10244560
1790716829 10244740
1790716830 10244244
1790716831 10245012
1790716832 10245428
1790716833 10245680
1790716834 10245656
1790716835 10247632
1790716836 10246312
1790716837 10244024
1790716838 10245564
1790716839 10245956
1790716840 10246704
1790716841 10248084
1790716842 10249604
1790716843 10249280
1790716844 10248776
1790716845 10249028
1790716846 10249036
1790716847 10249036
1790716848 10249036
1790716849 10249036
1790716850 10248784
1790716851 10248532
1790716852 10248784
1790716853 10248540
1790716854 10248288
1790716855 10248664
1790716856 10248412
1790716857 10248412
1790716858 10248316
1790716859 10248316
1790716860 10248880
1790716861 10249864
1790716862 10249696
1790716863 10249788
1790716864 10249736
1790716865 10249952
1790716866 10249700
1790716867 10245460
1790716868 10236820
1790716869 10236656
1790716870 10237672
1790716871 10237420
1790716872 10238112
1790716873 10238864
1790716874 10239864
1790716875 10240932
1790716876 10241360
1790716877 10242116
1790716878 10242116
1790716879 10242228
1790716880 10242228
1790716881 10242244
1790716882 10242316
1790716883 10242548
1790716884 10242688
1790716885 10242436
1790716886 10242524
1790716887 10242692
1790716888 10244256
1790716889 10243820
1790716890 10244008
1790716891 10243964
1790716892 10243972
1790716893 10243644
1790716894 10243392
1790716895 10243392
1790716896 10243392
1790716897 10243480
1790716898 10262036
1790716899 10242772
1790716900 10237212
1790716901 10240336
1790716902 10242212
1790716903 10243620
1790716904 10244776
1790716905 10245516
1790716906 10245636
1790716907 10245748
1790716908 10245496
1790716909 10245156
1790716910 10245156
1790716911 10244904
1790716912 10245004
1790716913 10244900
1790716914 10245168
1790716915 10245032
1790716916 10253676
1790716917 10253612
1790716918 10253360
1790716919 10253860
1790716920 10253860
1790716921 10253972
1790716922 10253924
1790716923 10253872
1790716924 10254364
1790716925 10254120
1790716926 10254120
1790716927 10254084
1790716928 10254336
1790716929 10254084
1790716930 10235932
1790716931 10242720
1790716932 10241872
1790716933 10243356
1790716934 10245504
1790716935 10246556
1790716936 10248592
1790716937 10248360
1790716938 10249388
1790716939 10249644
1790716940 10249888
1790716941 10249888
1790716942 10249888
1790716943 10249888
1790716944 10250296
1790716945 10250352
1790716946 10250352
1790716947 10250496
1790716948 10249992
1790716949 10249992
1790716950 10249992
1790716951 10249992
1790716952 10249740
1790716953 10249992
1790716954 10249992
1790716955 10249944
1790716956 10250316
1790716957 10250484
1790716958 10250292
1790716959 10249788
1790716960 10252012
1790716961 10259332
1790716962 10250320
1790716963 10237528
1790716964 10238044
1790716965 10238488
1790716966 10238236
1790716967 10238272
1790716968 10239244
1790716969 10240868
1790716970 10241820
1790716971 10242020
1790716972 10242108
1790716973 10242316
1790716974 10242372
1790716975 10242524
1790716976 10242272
1790716977 10242656
1790716978 10242412
1790716979 10242412
1790716980 10242412
1790716981 10242412
1790716982 10242160
1790716983 10242160
1790716984 10242168
1790716985 10242168
1790716986 10241916
1790716987 10241920
1790716988 10241928
1790716989 10242576
1790716990 10242576
1790716991 10242324
1790716992 10242324
1790716993 10231188
1790716994 10239924
1790716995 10230320
1790716996 10230320
1790716997 10231624
1790716998 10232508
1790716999 10232516
1790717000 10232516
1790717001 10232264
1790717002 10234044
1790717003 10234568
1790717004 10234320
1790717005 10234764
1790717006 10234304
1790717007 10233800
1790717008 10233800
1790717009 10233884
1790717010 10234312
1790717011 10234060
1790717012 10234292
1790717013 10234292
1790717014 10234864
1790717015 10234848
1790717016 10235116
1790717017 10234864
1790717018 10234424
1790717019 10234364
1790717020 10234356
1790717021 10234968
1790717022 10234968
1790717023 10234716
1790717024 10234496
1790717025 10221344
1790717026 10211196
1790717027 10214916
1790717028 10219884
1790717029 10224420
1790717030 10228568
1790717031 10232496
1790717032 10235168
1790717033 10235604
1790717034 10235704
1790717035 10235368
1790717036 10236104
1790717037 10236360
1790717038 10236800
1790717039 10236300
1790717040 10236436
1790717041 10236236
1790717042 10236632
1790717043 10236380
1790717044 10236972
1790717045 10236720
1790717046 10236232
1790717047 10236232
1790717048 10236108
1790717049 10235412
1790717050 10237396
1790717051 10237084
1790717052 10236832
1790717053 10236712
1790717054 10237040
1790717055 10236976
1790717056 10240572
1790717057 10234580
1790717058 10237268
1790717059 10242504
1790717060 10244464
1790717061 10245620
1790717062 10246760
1790717063 10248012
1790717064 10248200
1790717065 10248452
1790717066 10248452
1790717067 10249044
1790717068 10248592
1790717069 10248784
1790717070 10248532
1790717071 10248280
1790717072 10248280
1790717073 10248128
1790717074 10248128
1790717075 10247932
1790717076 10247932
1790717077 10248656
1790717078 10247716
1790717079 10247464
1790717080 10247464
1790717081 10247464
1790717082 10247464
1790717083 10247464
1790717085 10247212
1790717086 10246708
1790717087 10246456
1790717088 10246464
1790717089 10232356
1790717090 10242476
1790717091 10239676
1790717092 10241072
1790717093 10242064
1790717094 10242176
1790717095 10242072
1790717096 10242072
1790717097 10241820
1790717098 10241576
1790717099 10241324
1790717100 10240820
1790717101 10240568
1790717102 10240064
1790717103 10239564
1790717104 10239312
1790717105 10238808
1790717106 10238556
1790717107 10238304
1790717108 10238228
1790717109 10238192
1790717110 10238276
1790717111 10238096
1790717112 10238292
1790717113 10238472
1790717114 10238388
1790717115 10238520
1790717116 10238628
1790717117 10238628
1790717118 10238740
1790717119 10238872
1790717120 10238872
1790717121 10255480
1790717122 10247216
1790717123 10247936
1790717124 10247936
1790717125 10248024
1790717126 10249136
1790717127 10248884
1790717128 10248884
1790717129 10249052
1790717130 10249244
1790717131 10249496
1790717132 10249248
1790717133 10249388
1790717134 10248884
1790717135 10249284
1790717136 10249116
1790717137 10249072
1790717138 10249180
1790717139 10248508
1790717140 10248760
1790717141 10248760
1790717142 10248952
1790717143 10248972
1790717144 10249140
1790717145 10248888
1790717146 10249088
1790717147 10249088
1790717148 10248836
1790717149 10249088
1790717150 10249200
1790717151 10249200
1790717152 10245548
1790717153 10249512
1790717154 10237660
1790717155 10238268
1790717156 10240700
1790717157 10242724
1790717158 10244032
1790717159 10246120
1790717160 10246816
1790717161 10246728
1790717162 10246620
1790717163 10246856
1790717164 10247052
1790717165 10246548
1790717166 10246296
1790717167 10246356
1790717168 10244976
1790717169 10243976
1790717170 10243976
1790717171 10244260
1790717172 10244008
1790717173 10244260
1790717174 10244556
1790717175 10244304
1790717176 10244304
1790717177 10244424
1790717178 10244572
1790717179 10244320
1790717180 10244692
1790717181 10244440
1790717182 10244440
1790717183 10244440
1790717184 10242376
1790717185 10227460
1790717186 10229308
1790717187 10232636
1790717188 10235816
1790717189 10238556
1790717190 10240828
1790717191 10241684
1790717192 10242924
1790717193 10242672
1790717194 10242420
1790717195 10241916
1790717196 10241664
1790717197 10241160
1790717198 10240908
1790717199 10240160
1790717200 10240260
1790717201 10240268
1790717202 10240268
1790717203 10240348
1790717204 10240552
1790717205 10240520
1790717206 10240456
1790717207 10240456
1790717208 10241204
1790717209 10241204
1790717210 10237032
1790717211 10236544
1790717212 10236784
1790717213 10236784
1790717214 10236280
1790717215 10217196
1790717216 10237512
1790717217 10232352
1790717218 10232352
1790717219 10231892
1790717220 10231388
1790717221 10232796
1790717222 10233972
1790717223 10234972
1790717224 10235572
1790717225 10237268
1790717226 10237416
1790717227 10237676
1790717228 10237676
1790717229 10237432
1790717230 10237540
1790717231 10237692
1790717232 10238232
1790717233 10237980
1790717234 10237476
1790717235 10237728
1790717236 10237728
1790717237 10238468
1790717238 10237964
1790717239 10237712
1790717240 10240860
1790717241 10240920
1790717242 10241184
1790717243 10241436
1790717244 10241216
1790717245 10241216
1790717246 10241216
1790717247 10269228
1790717248 10242616
1790717249 10237172
1790717250 10237172
1790717251 10237884
1790717252 10238804
1790717253 10239232
1790717254 10239076
1790717255 10239100
1790717256 10239280
1790717257 10239028
1790717258 10238776
1790717259 10238748
1790717260 10238496
1790717261 10238496
1790717262 10238756
1790717263 10238504
1790717264 10238504
1790717265 10238504
1790717266 10238608
1790717267 10238860
1790717268 10238860
1790717269 10238728
1790717270 10239228
1790717271 10239120
1790717272 10239172
1790717273 10238920
1790717274 10238968
1790717275 10240176
1790717276 10240736
1790717277 10241176
1790717278 10241176
1790717279 10245840
1790717280 10231548
1790717281 10232248
1790717282 10233484
1790717283 10233484
1790717284 10233232
1790717285 10234392
1790717286 10235680
1790717287 10236996
1790717288 10238336
1790717289 10238936
1790717290 10240076
1790717291 10240084
1790717292 10240084
1790717293 10240336
1790717294 10240336
1790717295 10240336
1790717296 10240336
1790717297 10240664
1790717298 10241104
1790717299 10240852
1790717300 10241104
1790717301 10241640
1790717302 10241584
1790717303 10241520
1790717304 10241684
1790717305 10241796
1790717306 10241544
1790717307 10241624
1790717308 10241828
1790717309 10241776
1790717310 10241732
1790717311 10228244
1790717312 10223600
1790717313 10225136
1790717314 10226524
1790717315 10229924
1790717316 10234668
1790717317 10234416
1790717318 10237352
1790717319 10237144
1790717320 10237872
1790717321 10238108
1790717322 10237856
1790717323 10237940
1790717324 10237688
1790717325 10237440
1790717326 10237724
1790717327 10237760
1790717328 10237840
1790717329 10237840
1790717330 10237920
1790717331 10238120
1790717332 10237868
1790717333 10237876
1790717334 10237848
1790717335 10237596
1790717336 10237848
1790717337 10241468
1790717338 10241216
1790717339 10241292
1790717340 10241252
1790717341 10241252
1790717342 10221528
1790717343 10203216
1790717344 10204696
1790717345 10205748
1790717346 10212032
1790717347 10215376
1790717348 10218596
1790717349 10220980
1790717350 10221132
1790717351 10223140
1790717352 10223936
1790717353 10224196
1790717354 10223944
1790717355 10223692
1790717356 10223188
1790717357 10222936
1790717358 10222684
1790717359 10222624
1790717360 10222804
1790717361 10222712
1790717362 10222460
1790717363 10222604
1790717364 10222756
1790717365 10224528
1790717366 10224732
1790717367 10225000
1790717368 10225160
1790717369 10225036
1790717370 10225036
1790717371 10224888
1790717373 10225084
1790717374 10213348
1790717375 10241168
1790717376 10235020
1790717377 10235020
1790717378 10235096
1790717379 10236652
1790717380 10236436
1790717381 10237316
1790717382 10238764
1790717383 10240968
1790717384 10240716
1790717385 10241596
1790717386 10241344
1790717387 10241100
1790717388 10240848
1790717389 10240344
1790717390 10240492
1790717391 10240352
1790717392 10240824
1790717393 10240576
1790717394 10240712
1790717395 10240216
1790717396 10240340
1790717397 10241088
1790717398 10240584
1790717399 10240584
1790717400 10240776
1790717401 10242948
1790717402 10243384
1790717403 10242880
1790717404 10221940
1790717405 10222568
1790717406 10174052
1790717407 10183836
1790717408 10139508
1790717409 10133344
1790717410 10121420
1790717411 10125076
1790717412 10116396
1790717413 10117044
1790717414 10108400
1790717415 10118716
1790717416 10120056
1790717417 10124588
1790717418 10126792
1790717419 10128040
1790717420 10128888
1790717421 10137120
1790717422 10145512
1790717423 10152880
1790717424 10158796
1790717425 10163312
1790717426 10167828
1790717427 10171904
1790717428 10174592
1790717429 10176404
1790717430 10177732
1790717431 10179116
1790717432 10181816
1790717433 10183504
1790717434 10184864
1790717435 10186244
1790717436 10187488
1790717437 10188224
1790717438 10193932
1790717439 10166836
1790717440 10124476
1790717441 10037304
1790717442 10277904
1790717443 10275336
1790717444 10274468
1790717445 10274668
1790717446 10275544
1790717447 10275900
1790717448 10275552
1790717449 10275552
1790717450 10275308
1790717451 10275056
1790717452 10274552
1790717453 10273544
1790717454 10272788
1790717455 10272032
1790717456 10270832
1790717457 10270544
1790717458 10270292
1790717459 10270292
1790717460 10270040
1790717461 10268568
1790717462 10266960
1790717463 10266648
1790717464 10266188
1790717465 10265936
1790717466 10265936
1790717467 10265720
1790717468 10265216
1790717469 10228184
1790717470 10210552
1790717471 10206952
1790717472 10208504
1790717473 10197428
1790717474 10197656
1790717475 10204940
1790717476 10207716
1790717477 10208840
1790717478 10210748
1790717479 10211660
1790717480 10212692
1790717481 10213376
1790717482 10213688
1790717483 10213688
1790717484 10213940
1790717485 10214444
1790717486 10214444
1790717487 10214208
1790717488 10209732
1790717489 10209732
1790717490 10210312
1790717491 10209808
1790717492 10210060
1790717493 10210060
1790717494 10210244
1790717495 10209828
1790717496 10210032
1790717497 10209784
1790717498 10210488
1790717499 10209736
1790717500 10209924
1790717501 10223168
1790717502 10224460
1790717503 10221944
1790717504 10221248
1790717505 10221196
1790717506 10220944
1790717507 10220944
1790717508 10220752
1790717509 10220252
1790717510 10220252
1790717511 10220252
1790717512 10215888
1790717513 10190024
1790717514 10161804
1790717515 10167664
1790717516 10162112
1790717517 10155852
1790717518 10172032
1790717519 10162180
1790717520 10167888
1790717521 10156576
1790717522 10149000
1790717523 10155136
1790717524 10160348
1790717525 10133036
1790717526 10133128
1790717527 10137864
1790717528 10141412
1790717529 10148480
1790717530 10156124
1790717531 10158016
1790717532 10160472
1790717533 10193996
1790717534 10188320
1790717535 10188444
1790717536 10189680
1790717537 10191036
1790717538 10192436
1790717539 10194464
1790717540 10196276
1790717541 10197420
1790717542 10197708
1790717543 10198404
1790717544 10198408
1790717545 10197904
1790717546 10197652
1790717547 10197148
1790717548 10197384
1790717549 10196880
1790717550 10196628
1790717551 10196528
1790717552 10110048
1790717553 10104520
1790717554 9922884
1790717555 9892376
1790717556 9898660
1790717557 9928816
1790717558 9882992
1790717559 9868688
1790717560 9805988
1790717561 9913088
1790717562 9905780
1790717563 9917212
1790717564 9921564
1790717565 9928236
1790717566 9948392
1790717567 9991340
1790717568 10021640
1790717569 10031760
1790717570 11312904
1790717571 11318140
1790717572 11323392
1790717573 11332256
1790717574 11341496
1790717575 11349032
1790717576 11364144
1790717577 11374932
1790717578 11385196
1790717579 14841472
1790717580 37477684
1790717581 121215752
1790717582 122345248
1790717583 122415292
1790717584 122407968
1790717585 122356836
1790717586 122372548
1790717587 122361296
1790717588 122374096
1790717589 122329948
1790717590 122305040
1790717591 122482008
1790717592 122344244
1790717593 122214992
1790717594 122214480
1790717595 122215380
1790717596 122173988
1790717597 122183420
1790717598 122212280
1790717599 122233176
1790717600 122245608
1790717601 122254876
1790717602 122271740
1790717603 122274444
1790717604 122282608
1790717605 122285068
1790717606 122288956
1790717607 122297328
1790717608 122297064
1790717609 122304640
1790717610 122294548
1790717611 122302360
1790717612 122247676
1790717613 122155648
1790717614 121968008
1790717615 121940052
1790717616 121947328
1790717617 121922988
1790717618 121887872
1790717619 121852972
1790717620 121852580
1790717621 121798696
1790717622 121762600
1790717623 121709688
1790717624 121630644
1790717625 121638588
1790717626 120873516
1790717627 121152780
1790717628 120808616
1790717629 120604796
1790717630 120585316
1790717632 120536156
1790717633 120539320
1790717634 120511636
1790717635 120467292
1790717636 120360272
1790717637 119897640
1790717638 119356828
1790717639 119760564
1790717640 119725624
1790717641 119730860
1790717642 119744036
1790717643 119747288
1790717644 119807184
1790717645 119800720
1790717646 119801116
1790717647 119845468
1790717648 119865480
1790717649 119890736
1790717650 119898768
1790717651 119903816
1790717652 119923480
1790717653 119920492
1790717654 119948460
1790717655 119979772
1790717656 119970364
1790717657 120007560
1790717658 119867892
1790717659 119108000
1790717660 118469180
1790717661 117996972
1790717662 118018060
1790717663 118036756
1790717664 118044812
1790717665 118074240
1790717666 116158756
1790717667 102900740
1790717668 80070916
1790717669 55577264
1790717670 30980808
1790717671 25757244
1790717672 25766900
1790717673 25784452
1790717674 25792804
1790717675 25781260
1790717676 25794368
1790717677 25808572
1790717678 25830024
1790717679 25864828
1790717680 25898028
1790717681 25934212
1790717682 25953916
1790717683 25961484
1790717684 25974864
1790717685 25981012
1790717686 25974252
1790717687 25971984
1790717688 25965900
1790717689 25920972
1790717690 25901308
1790717691 25898548
1790717692 25906452
1790717693 25914560
1790717694 25922556
1790717695 25929100
1790717696 25936320
1790717697 25939572
1790717698 25936572
1790717699 25916920
1790717700 25894944
1790717701 25289864
1790717702 22389548
1790717703 21125888
1790717704 22422512
1790717705 17952736
1790717706 17952644
1790717707 17960032
1790717708 17961216
1790717709 17969532
1790717710 22055132
1790717711 22893276
1790717712 22905948
1790717713 22915524
1790717714 22709052
1790717715 22675520
1790717716 21907976
1790717717 21804016
1790717718 21829220
1790717719 21834544
1790717720 21848788
1790717721 21865636
1790717722 21868224
1790717723 21038312
1790717724 22008136
1790717725 20490316
1790717726 20498104
1790717727 20509272
1790717728 20524732
1790717729 20539300
1790717730 20560760
1790717731 20579552
1790717732 20595936
1790717733 20613208
1790717734 20634668
1790717735 20647352
1790717736 19621548
1790717737 19720248
1790717738 19086388
1790717739 19092364
1790717740 16888992
1790717741 17483068
1790717742 15438644
1790717743 18819076
1790717744 19699356
1790717745 19329312
1790717746 19374388
1790717747 18363808
1790717748 18031916
1790717749 13492448
1790717750 9223080
1790717751 8968400
1790717752 8964132
1790717753 7927376
1790717754 8401396
1790717755 8399288
1790717756 8301492
1790717757 8270784
1790717758 8200376
1790717759 8122608
1790717760 8043112
1790717761 8096888
1790717762 8003624
1790717763 7935172
1790717764 7784636
1790717765 7747552
1790717766 7737816
1790717767 7732812
1790717768 7731804
1790717769 7729404
1790717770 7729064
1790717771 7728116
1790717772 7727112
1790717773 7726960
1790717774 7726716
1790717775 7726472
1790717776 7715828
1790717777 7715072
1790717778 7712820
1790717779 7680560
1790717780 7687292
1790717781 7669424
1790717782 7656708
1790717783 7658548
1790717784 7651184
1790717785 7650736
1790717786 7650736
1790717787 7650736
1790717788 7650484
1790717789 7650484
1790717790 7650484
1790717791 7650484
1790717792 7650484
1790717793 7650484
1790717794 7650484
1790717795 7650232
1790717796 7649996
1790717797 7649748
1790717798 7649496
1790717799 7649496
1790717800 7648212
1790717801 7647516
1790717802 7647528
1790717803 7647276
1790717804 7647024
1790717805 7646528
1790717806 7646340
1790717807 7645836
1790717808 7646024
1790717809 7645944
1790717810 7646092
1790717811 7645928
1790717812 7645956
1790717813 7656244
1790717814 7653964
1790717815 7653924
1790717816 7653924
1790717817 7653924
1790717818 7653924
1790717819 7653924
1790717820 7653924
1790717821 7653680
1790717822 7653176
1790717823 7652924
1790717824 7652924
1790717825 7652672
1790717826 7652176
1790717827 7651924
1790717828 7651672
1790717829 7651672
1790717830 7651672
1790717831 7651388
1790717832 7653644
1790717833 7653392
1790717834 7653392
1790717835 7653140
1790717836 7652636
1790717837 7652392
1790717838 7651888
1790717839 7651888
1790717840 7651640
1790717841 7652164
1790717842 7652016
1790717843 7651956
1790717844 7658228
1790717845 7659152
1790717846 7655528
1790717847 7655528
1790717848 7655532
1790717849 7655280
1790717850 7655344
1790717851 7655344
1790717852 7655344
1790717853 7654840
1790717854 7654840
1790717855 7654840
1790717856 7654856
1790717857 7654856
1790717858 7654604
1790717859 7653856
1790717860 7653352
1790717861 7653572
1790717862 7653320
1790717863 7653600
1790717864 7653828
1790717865 7653924
1790717866 7653680
1790717867 7653852
1790717868 7653884
1790717869 7654648
1790717870 7651932
1790717871 7650668
1790717872 7650668
1790717873 7651112
1790717874 7650860
1790717875 7650868
1790717876 7664276
1790717878 7644712
