1790715422 4887264
1790715423 4776096
1790715424 4788120
1790715425 4923528
1790715426 4879744
1790715427 4865732
1790715428 4799536
1790715429 4769640
1790715430 4811660
1790715431 4808636
1790715432 4739264
1790715433 4659848
1790715434 4585936
1790715435 4369584
1790715436 4641952
1790715437 4641924
1790715438 4640896
1790715439 4639428
1790715440 4636772
1790715441 4633228
1790715442 4632976
1790715443 4934176
1790715444 4774600
1790715445 4779956
1790715446 4712080
1790715447 4731968
1790715448 4749760
1790715449 4773744
1790715450 4786648
1790715451 4798360
1790715452 4713568
1790715453 4588048
1790715454 4594376
1790715455 4610700
1790715456 4622880
1790715457 4566952
1790715458 4570924
1790715459 4578588
1790715460 4562348
1790715461 4529328
1790715462 4515348
1790715463 5007992
1790715464 4833312
1790715465 4839144
1790715466 4845784
1790715467 4818724
1790715468 4696916
1790715469 4498736
1790715470 4219920
1790715471 4489340
1790715472 4491332
1790715473 4385324
1790715474 4534444
1790715475 4528144
1790715476 4530756
1790715478 4539204
1790715479 4538864
1790715480 4537816
1790715481 4534152
1790715482 4540584
1790715483 4547412
1790715484 4426104
1790715485 4500088
1790715486 4519332
1790715487 4529496
1790715488 4531208
1790715489 4395172
1790715490 4406552
1790715491 4420904
1790715492 4433924
1790715493 4445176
1790715494 4478568
1790715495 4497152
1790715496 4508192
1790715497 4515632
1790715498 4504248
1790715499 4524520
1790715500 4533152
1790715501 4394348
1790715502 4411208
1790715503 4424500
1790715504 4461208
1790715505 4430540
1790715506 4496296
1790715507 4494764
1790715508 4501996
1790715509 4501940
1790715510 4509204
1790715511 4516596
1790715512 4515892
1790715513 4523076
1790715514 4530120
1790715515 4535912
1790715516 4547608
1790715517 4544132
1790715518 4406148
1790715519 4389704
1790715520 4399104
1790715521 4397708
1790715522 4405300
1790715523 4397824
1790715524 4445492
1790715525 4453476
1790715526 4510508
1790715527 4501708
1790715528 4496924
1790715529 4497628
1790715530 4498460
1790715531 4501540
1790715532 4506228
1790715533 4515200
1790715534 4521408
1790715535 4519644
1790715536 4520820
1790715537 4522096
1790715538 4519328
1790715539 4508292
1790715540 4509452
1790715541 4510008
1790715542 4518592
1790715543 4515248
1790715544 4515096
1790715545 4515232
1790715546 4516588
1790715547 4516376
1790715548 4512664
1790715549 4512164
1790715550 4513760
1790715551 4514580
1790715552 4514520
1790715553 4514980
1790715554 4515404
1790715555 4516324
1790715556 4419408
1790715557 4512760
1790715558 4530796
1790715559 4507832
1790715560 4508468
1790715561 4511276
1790715562 4499908
1790715563 4502056
1790715564 4502580
1790715565 4502624
1790715566 4502388
1790715567 4476092
1790715568 4482844
1790715569 4481692
1790715570 4465780
1790715571 4435604
1790715572 4449872
1790715573 4456212
1790715574 4466464
1790715575 4472900
1790715576 4475100
1790715577 4482988
1790715578 4487044
1790715579 4492840
1790715580 4497160
1790715581 4377140
1790715582 4508084
1790715583 4510380
1790715584 4512420
1790715585 4513436
1790715586 4515412
1790715587 4499124
1790715588 4499716
1790715589 4505544
1790715590 4493276
1790715591 4498564
1790715592 4500844
1790715593 4503516
1790715594 4506116
1790715595 4508860
1790715596 4510164
1790715597 4515336
1790715598 4514984
1790715599 4514792
1790715600 4515768
1790715601 4516576
1790715602 4516388
1790715603 4518000
1790715604 4519600
1790715605 4521644
1790715606 4521824
1790715607 4485200
1790715608 4525592
1790715609 4525856
1790715610 4525588
1790715611 4525532
1790715612 4525308
1790715613 4523872
1790715614 4479260
1790715615 4486524
1790715616 4489652
1790715617 4494012
1790715618 4498472
1790715619 4503316
1790715620 4506108
1790715621 4501876
1790715622 4500040
1790715623 4500308
1790715624 4504368
1790715625 4503772
1790715626 4504236
1790715627 4503572
1790715628 4510968
1790715629 4513100
1790715630 4515288
1790715631 4514380
1790715632 4513504
1790715633 4514900
1790715634 4515040
1790715635 4516476
1790715636 4516860
1790715637 4517600
1790715638 4512228
1790715639 4512900
1790715640 4516040
1790715641 4515792
1790715642 4516524
1790715643 4516776
1790715644 4516732
1790715645 4516752
1790715646 4515016
1790715647 4514324
1790715648 4516556
1790715649 4518408
1790715650 4518096
1790715651 4517348
1790715652 4518072
1790715653 4525052
1790715654 4510184
1790715655 4507908
1790715656 4508416
1790715657 4510872
1790715658 4375284
1790715659 4500396
1790715660 4499968
1790715661 4502436
1790715662 4503788
1790715663 4504048
1790715664 4504436
1790715665 4503196
1790715666 4506672
1790715667 4507744
1790715668 4508240
1790715670 4517720
1790715671 4517228
1790715672 4517952
1790715673 4516568
1790715674 4516588
1790715675 4516336
1790715676 4515976
1790715677 4517332
1790715678 4494560
1790715679 4494720
1790715680 4498936
1790715681 4501668
1790715682 4503148
1790715683 4504964
1790715684 4507876
1790715685 4509204
1790715686 4513856
1790715687 4493104
1790715688 4498292
1790715689 4498608
1790715690 4521428
1790715691 4521368
1790715692 4522596
1790715693 4522092
1790715694 4522436
1790715695 4523492
1790715696 4522792
1790715697 4522240
1790715698 4521092
1790715699 4523420
1790715700 4363924
1790715701 4511972
1790715702 4512192
1790715703 4512156
1790715704 4511652
1790715705 4512924
1790715706 4512580
1790715707 4510628
1790715708 4512308
1790715709 4510092
1790715710 4515644
1790715711 4519364
1790715712 4519300
1790715713 4518236
1790715714 4517004
1790715715 4516028
1790715716 4515492
1790715717 4517308
1790715718 4514248
1790715719 4517892
1790715720 4514972
1790715721 4514372
1790715722 4512976
1790715723 4512220
1790715724 4512220
1790715725 4512360
1790715726 4511860
1790715727 4511420
1790715728 4512468
1790715729 4511968
1790715730 4512092
1790715731 4513124
1790715732 4513292
1790715733 4513176
1790715734 4515348
1790715735 4518176
1790715736 4518540
1790715737 4502264
1790715738 4510324
1790715739 4510700
1790715740 4512188
1790715741 4425400
1790715742 4517284
1790715743 4518912
1790715744 4518756
1790715745 4518736
1790715746 4519692
1790715747 4520116
1790715748 4520596
1790715749 4521144
1790715750 4524016
1790715751 4515620
1790715752 4529708
1790715753 4527324
1790715754 4527576
1790715755 4527888
1790715756 4527148
1790715757 4527668
1790715758 4527444
1790715759 4527192
1790715760 4526688
1790715761 4525936
1790715762 4517352
1790715763 4516596
1790715764 4516596
1790715765 4499068
1790715766 4511208
1790715767 4512436
1790715768 4512312
1790715769 4513772
1790715770 4513692
1790715771 4514220
1790715772 4359652
1790715773 4515316
1790715774 4516956
1790715775 4516572
1790715776 4515540
1790715777 4516040
1790715778 4516472
1790715779 4515492
1790715780 4515004
1790715781 4515620
1790715782 4528612
1790715783 4539752
1790715784 4527512
1790715785 4527512
1790715786 4523484
1790715787 4523816
1790715788 4524872
1790715789 4524208
1790715790 4525572
1790715791 4524924
1790715792 4524080
1790715793 4525248
1790715794 4524552
1790715795 4507428
1790715796 4506648
1790715797 4507264
1790715798 4509536
1790715799 4511840
1790715800 4513976
1790715801 4516096
1790715802 4516624
1790715803 4522932
1790715804 4523724
1790715805 4523128
1790715806 4523576
1790715807 4524800
1790715808 4525536
1790715809 4525084
1790715810 4525336
1790715811 4526372
1790715812 4527776
1790715813 4476968
1790715814 4516776
1790715815 4532816
1790715816 4529876
1790715817 4529924
1790715818 4530440
1790715819 4532212
1790715820 4533952
1790715821 4534048
1790715822 4535700
1790715823 4537560
1790715824 4529484
1790715825 4528844
1790715826 4528652
1790715827 4526860
1790715828 4526840
1790715829 4526420
1790715830 4525752
1790715831 4526004
1790715832 4526496
1790715833 4526484
1790715834 4530408
1790715835 4529620
1790715836 4528868
1790715837 4529104
1790715838 4529120
1790715839 4529112
1790715840 4529768
1790715841 4529264
1790715842 4530536
1790715843 4532392
1790715844 4536904
1790715845 4536632
1790715846 4501580
1790715847 4507008
1790715848 4510916
1790715849 4510904
1790715850 4513312
1790715851 4515000
1790715852 4514636
1790715853 4514632
1790715854 4510696
1790715855 4510092
1790715856 4510500
1790715857 4510280
1790715858 4509980
1790715859 4509036
1790715860 4508924
1790715861 4510988
1790715862 4512912
1790715863 4515640
1790715864 4518916
1790715865 4519892
1790715866 4519020
1790715867 4489368
1790715868 4497520
1790715869 4498144
1790715870 4498696
1790715871 4497820
1790715872 4499968
1790715874 4499636
1790715875 4357204
1790715876 4509688
1790715877 4510276
1790715878 4511164
1790715879 4505844
1790715880 4501300
1790715881 4505248
1790715882 4506720
1790715883 4510260
1790715884 4512852
1790715885 4512300
1790715886 4516920
1790715887 4518584
1790715888 4518500
1790715889 4518248
1790715890 4518056
1790715891 4519800
1790715892 4522576
1790715893 4524032
1790715894 4470752
1790715895 4431748
1790715896 4466768
1790715897 4460080
1790715898 4458156
1790715899 4460264
1790715900 4457712
1790715901 4460520
1790715902 4464736
1790715903 4473528
1790715904 4459056
1790715905 4468080
1790715906 4472760
1790715907 4478496
1790715908 4483128
1790715909 4487804
1790715910 4491732
1790715911 4490640
1790715912 4477260
1790715913 4480504
1790715914 4484964
1790715915 4490136
1790715916 4509436
1790715917 4509720
1790715918 4496112
1790715919 4510660
1790715920 4510868
1790715921 4511756
1790715922 4512556
1790715923 4512112
1790715924 4512052
1790715925 4511872
1790715926 4511140
1790715927 4511124
1790715928 4510336
1790715929 4511732
1790715930 4513000
1790715931 4513352
1790715932 4513452
1790715933 4512472
1790715934 4511232
1790715935 4511404
1790715936 4467252
1790715937 4510332
1790715938 4509828
1790715939 4509536
1790715940 4509748
1790715941 4509912
1790715942 4507896
1790715943 4503268
1790715944 4501124
1790715945 4500108
1790715946 4500744
1790715947 4499812
1790715948 4500692
1790715949 4505228
1790715950 4505400
1790715951 4506512
1790715952 4508120
1790715953 4509996
1790715954 4509752
1790715955 4511244
1790715956 4511432
1790715957 4497068
1790715958 4499624
1790715959 4501104
1790715960 4501572
1790715961 4501216
1790715962 4501492
1790715963 4501816
1790715964 4501888
1790715965 4502228
1790715966 4501984
1790715967 4506392
1790715968 4505532
1790715969 4464664
1790715970 4459152
1790715971 4463756
1790715972 4473264
1790715973 4477932
1790715974 4479864
1790715975 4468284
1790715976 4468496
1790715977 4379020
1790715978 4491308
1790715979 4492524
1790715980 4493224
1790715981 4493960
1790715982 4495916
1790715983 4496476
1790715984 4496192
1790715985 4496132
1790715986 4495048
1790715987 4490692
1790715988 4499732
1790715989 4501280
1790715990 4502188
1790715991 4503524
1790715992 4504208
1790715993 4505816
1790715994 4505032
1790715995 4505600
1790715996 4506912
1790715997 4507980
1790715998 4496128
1790715999 4510344
1790716000 4511544
1790716001 4510788
1790716002 4509884
1790716003 4510704
1790716004 4511052
1790716005 4510296
1790716006 4511424
1790716007 4489260
1790716008 4505316
1790716009 4506252
1790716010 4506540
1790716011 4505352
1790716012 4507620
1790716013 4505936
1790716014 4505416
1790716015 4505420
1790716016 4504804
1790716017 4504224
1790716018 4498104
1790716019 4498084
1790716020 4497876
1790716021 4498000
1790716022 4446956
1790716023 4442136
1790716024 4431516
1790716025 4422220
1790716026 4424336
1790716027 4443640
1790716028 4381632
1790716029 4467036
1790716030 4469796
1790716031 4468788
1790716032 4470940
1790716033 4473432
1790716034 4475344
1790716035 4477312
1790716036 4478300
1790716037 4478144
1790716038 4466264
1790716039 4481064
1790716040 4476092
1790716041 4475656
1790716042 4476308
1790716043 4477632
1790716044 4476876
1790716045 4475112
1790716046 4473892
1790716047 4473900
1790716048 4473820
1790716049 4483584
1790716050 4484448
1790716051 4484536
1790716052 4484088
1790716053 4483656
1790716054 4484100
1790716055 4483936
1790716056 4483244
1790716057 4483976
1790716058 4483992
1790716059 4476012
1790716060 4474876
1790716061 4474120
1790716062 4474500
1790716064 4474596
1790716065 4469240
1790716066 4466764
1790716067 4466396
1790716068 4467808
1790716069 4468808
1790716070 4429348
1790716071 4470772
1790716072 4464916
1790716073 4457900
1790716074 4459936
1790716075 4461436
1790716076 4464008
1790716077 4465512
1790716078 4466540
1790716079 4466532
1790716080 4467780
1790716081 4468924
1790716082 4467668
1790716083 4468520
1790716084 4469588
1790716085 4470308
1790716086 4470936
1790716087 4460792
1790716088 4460288
1790716089 4459540
1790716090 4461724
1790716091 4467348
1790716092 4468000
1790716093 4470124
1790716094 4471728
1790716095 4471724
1790716096 4477572
1790716097 4478668
1790716098 4480180
1790716099 4440984
1790716100 4441768
1790716101 4462104
1790716102 4445504
1790716103 4453516
1790716104 4418108
1790716105 4414544
1790716106 4443732
1790716107 4442760
1790716108 4442508
1790716109 4418748
1790716110 4413796
1790716111 4287992
1790716112 4436024
1790716113 4431460
1790716114 4433192
1790716115 4433612
1790716116 4436716
1790716117 4437220
1790716118 4435980
1790716119 4435000
1790716120 4433980
1790716121 4432720
1790716122 4430012
1790716123 4429880
1790716124 4429628
1790716125 4429124
1790716126 4428248
1790716127 4427492
1790716128 4415676
1790716129 4431172
1790716130 4432688
1790716131 4432440
1790716132 4444676
1790716133 4444812
1790716134 4444308
1790716135 4460944
1790716136 4441628
1790716137 4431304
1790716138 4431688
1790716139 4429984
1790716140 4430824
1790716141 4433064
1790716142 4434508
1790716143 4434540
1790716144 4435760
1790716145 4435172
1790716146 4428804
1790716147 4429052
1790716148 4427608
1790716149 4427616
1790716150 4427928
1790716151 4426804
1790716152 4370416
1790716153 4431900
1790716154 4431564
1790716155 4431152
1790716156 4425528
1790716157 4429372
1790716158 4428808
1790716159 4428304
1790716160 4428808
1790716161 4429320
1790716162 4430644
1790716163 4436420
1790716164 4435292
1790716165 4434816
1790716166 4434060
1790716167 4450256
1790716168 4444940
1790716169 4441528
1790716170 4441456
1790716171 4442444
1790716172 4443200
1790716173 4447792
1790716174 4443156
1790716175 4442072
1790716176 4441152
1790716177 4441360
1790716178 4440728
1790716179 4440068
1790716180 4439428
1790716181 4439048
1790716182 4437284
1790716183 4452404
1790716184 4449620
1790716185 4450488
1790716186 4450904
1790716187 4450684
1790716188 4451576
1790716189 4452776
1790716190 4453812
1790716191 4454584
1790716192 4454780
1790716193 4313464
1790716194 4447252
1790716195 4448408
1790716196 4448476
1790716197 4448392
1790716198 4448120
1790716199 4448924
1790716200 4444656
1790716201 4443172
1790716202 4444044
1790716203 4445284
1790716204 4454780
1790716205 4452952
1790716206 4447244
1790716207 3931932
1790716208 2709432
1790716209 2702748
1790716210 2707188
1790716211 2713844
1790716212 2722472
1790716213 2726292
1790716214 2858900
1790716215 2858288
1790716216 2863168
1790716217 2307552
1790716218 2332976
1790716219 2330396
1790716220 2245084
1790716221 2240096
1790716222 2238624
1790716223 2237616
1790716224 2166380
1790716225 2171104
1790716226 2174400
1790716227 2172920
1790716228 2144196
1790716229 2146948
1790716230 2150780
1790716231 2084772
1790716232 2633288
1790716233 2630616
1790716234 2655556
1790716235 2659960
1790716236 2666900
1790716237 2669788
1790716238 2675432
1790716239 2678500
1790716240 2682868
1790716241 2686092
1790716242 2689192
1790716243 2691320
1790716244 2685512
1790716245 2686896
1790716246 2689972
1790716247 2686952
1790716248 2687628
1790716249 2688408
1790716250 2688420
1790716251 2689400
1790716252 2651960
1790716253 2660424
1790716254 3536608
1790716255 1815360
1790716257 2101828
1790716258 2105960
1790716259 2113896
1790716260 2377668
1790716261 2388232
1790716262 2396628
1790716263 2497336
1790716264 2481268
1790716265 2347584
1790716266 2483972
1790716267 2506724
1790716268 2521120
1790716269 2529600
1790716270 2541836
1790716271 2556788
1790716272 2568896
1790716273 2579236
1790716274 2591044
1790716275 2601152
1790716276 2609972
1790716277 2612800
1790716278 2617548
1790716279 2619296
1790716280 2415308
1790716281 1419444
1790716282 1346144
1790716283 2792236
1790716284 2776604
1790716285 3042824
1790716286 3031376
1790716287 3028888
1790716288 3027880
1790716289 3292324
1790716290 3292028
1790716291 3290636
1790716292 3289568
1790716293 3288108
1790716294 3287040
1790716295 3286264
1790716296 3237388
1790716297 3230672
1790716298 3223060
1790716299 3228000
1790716300 3230476
1790716301 3233108
1790716302 3232860
1790716303 3228816
1790716304 3227936
1790716305 2709016
1790716306 2709048
1790716307 2465836
1790716308 2179764
1790716309 2211316
1790716310 2255212
1790716311 2546488
1790716312 2602872
1790716313 2664120
1790716314 2716744
1790716315 2755896
1790716316 2860808
1790716317 3017888
1790716318 3128320
1790716319 3040760
1790716320 3089732
1790716321 3116348
1790716322 3364308
1790716323 3391492
1790716324 3746416
1790716325 3778428
1790716326 3801172
1790716327 3636008
1790716328 3664028
1790716329 3708284
1790716330 3721000
1790716331 3748640
1790716332 3768136
1790716333 3787148
1790716334 3815888
1790716335 3830628
1790716336 3847168
1790716337 3860300
1790716338 3869560
1790716339 3877140
1790716340 3884664
1790716341 3889412
1790716342 3893192
1790716343 3899828
1790716344 3903360
1790716345 3903632
1790716346 3907084
1790716347 3777220
1790716348 3789084
1790716349 3799096
1790716350 3807656
1790716351 3791724
1790716352 3801020
1790716353 3811680
1790716354 3823940
1790716355 3837272
1790716356 3847368
1790716357 3808048
1790716358 3864508
1790716359 3859260
1790716360 3859312
1790716361 3852216
1790716362 3854776
1790716363 3861132
1790716364 3847336
1790716365 3853436
1790716366 3859308
1790716367 3864944
1790716368 3834976
1790716369 3846864
1790716370 3859404
1790716371 3870160
1790716372 3879372
1790716373 3892760
1790716374 3898400
1790716375 3900972
1790716376 3906604
1790716377 3909996
1790716378 3886516
1790716379 3888668
1790716380 3890492
1790716381 3896568
1790716382 3899880
1790716383 3899800
1790716384 3903412
1790716385 3905696
1790716386 3904644
1790716387 3907260
1790716388 3899304
1790716389 3900644
1790716390 3879408
1790716391 3861408
1790716392 3839516
1790716393 3860544
1790716394 3861676
1790716395 3866468
1790716396 3875828
1790716397 3884208
1790716398 3872344
1790716399 3881608
1790716400 3849072
1790716401 3818812
1790716402 3642860
1790716403 3543032
1790716404 3470312
1790716405 3439596
1790716406 3410192
1790716407 3409952
1790716408 3411468
1790716409 3352148
1790716410 3361156
1790716411 3370480
1790716412 3370084
1790716413 3624124
1790716414 3617820
1790716415 3588388
1790716416 3559084
1790716417 3564796
1790716418 3589732
1790716419 3511344
1790716420 3483604
1790716421 3577192
1790716422 3592548
1790716423 3598232
1790716424 3621952
1790716425 3641576
1790716426 3636024
1790716427 3640956
1790716428 3647744
1790716429 3547676
1790716430 3662212
1790716431 3681872
1790716432 3700516
1790716433 3682104
1790716434 3682340
1790716435 3659332
1790716436 3673580
1790716437 3677644
1790716438 3670444
1790716439 3677456
1790716440 3678812
1790716441 3686032
1790716442 3688416
1790716443 3698036
1790716444 3706840
1790716445 3704612
1790716446 3724816
1790716447 3711428
1790716448 3729416
1790716449 3728264
1790716450 3716768
1790716452 3685716
1790716453 3649892
1790716454 3656072
1790716455 3664496
1790716456 3667912
1790716457 3643080
1790716458 3643756
1790716459 3663052
1790716460 3681972
1790716461 3581484
1790716462 3718996
1790716463 3727108
1790716464 3728816
1790716465 3730932
1790716466 3734344
1790716467 3688336
1790716468 3672124
1790716469 3651980
1790716470 3583300
1790716471 3481120
1790716472 3285856
1790716473 3286132
1790716474 3285584
1790716475 3291100
1790716476 3291416
1790716477 3289360
1790716478 3646524
1790716479 3643372
1790716480 3627592
1790716481 3632772
1790716482 3629364
1790716483 3635000
1790716484 3645456
1790716485 3637952
1790716486 3643752
1790716487 3228796
1790716488 3067940
1790716489 2160692
1790716490 2789244
1790716491 2019496
1790716492 2266048
1790716493 2257256
1790716494 2270648
1790716495 2179848
1790716496 2167332
1790716497 2169440
1790716498 2175912
1790716499 2146344
1790716500 2457336
1790716501 9232272
1790716502 82773884
1790716503 121298056
1790716504 121288412
1790716505 121269560
1790716506 121256452
1790716507 121236460
1790716508 121250696
1790716509 121234160
1790716510 121208336
1790716511 121193868
1790716512 121091872
1790716513 121080092
1790716514 121059920
1790716515 121510624
1790716516 122235772
1790716517 122177460
1790716518 122099492
1790716519 122121204
1790716520 122161952
1790716521 122184816
1790716522 122165244
1790716523 122177528
1790716524 122181724
1790716525 122197344
1790716526 122413580
1790716527 122431400
1790716528 122053676
1790716529 122022160
1790716530 122020540
1790716531 121971428
1790716532 121934560
1790716533 121952080
1790716534 121960476
1790716535 121954496
1790716536 121990408
1790716537 122013704
1790716538 121891676
1790716539 121903708
1790716540 121904224
1790716541 121906100
1790716542 121919804
1790716543 121834908
1790716544 121863028
1790716545 121881484
1790716546 121893620
1790716547 121917692
1790716548 121873184
1790716549 121731220
1790716550 121581136
1790716551 121584408
1790716552 121565860
1790716553 121426748
1790716554 121448660
1790716555 121441504
1790716556 121460080
1790716557 121498332
1790716558 121300768
1790716559 121304196
1790716560 121298332
1790716561 121306388
1790716562 120711392
1790716563 120145720
1790716564 120436000
1790716565 120464568
1790716566 120348572
1790716567 120143420
1790716568 120015868
1790716569 119978424
1790716570 119961044
1790716571 119958568
1790716572 119976112
1790716573 119961356
1790716574 119982196
1790716575 119804600
1790716576 118763264
1790716577 119004188
1790716578 119036976
1790716579 118922584
1790716580 118944672
1790716581 118967808
1790716582 118976992
1790716583 118956748
1790716584 119071628
1790716585 118507360
1790716586 118541044
1790716587 118540556
1790716588 118564812
1790716589 118577528
1790716590 118613508
1790716591 118689996
1790716592 118724548
1790716593 118746324
1790716594 118648808
1790716595 118744196
1790716596 118792316
1790716597 117738680
1790716598 117111768
1790716599 117001484
1790716600 116876532
1790716601 116952812
1790716602 116985320
1790716603 114863512
1790716604 96595320
1790716605 68422320
1790716606 40112004
1790716607 25322660
1790716608 24647452
1790716609 24677136
1790716610 24561240
1790716611 24609060
1790716612 24574336
1790716613 24564868
1790716614 24585332
1790716615 24528492
1790716616 24587332
1790716617 24626532
1790716618 24683440
1790716619 24697596
1790716620 24634372
1790716621 24671092
1790716622 24689364
1790716623 24701860
1790716624 24733564
1790716625 24744608
1790716626 24776324
1790716627 24790204
1790716628 24811372
1790716629 24820720
1790716630 24815968
1790716631 24705980
1790716632 24744860
1790716633 24761452
1790716634 24785392
1790716635 24795160
1790716636 24726992
1790716637 24728292
1790716638 24728840
1790716639 24708304
1790716640 24107888
1790716641 24154440
1790716642 20458016
1790716643 18471728
1790716644 16785600
1790716645 16805612
1790716646 16671464
1790716647 16684604
1790716648 16697076
1790716649 21669712
1790716650 21400068
1790716651 21295248
1790716652 20389400
1790716653 20458024
1790716654 20484440
1790716655 20524792
1790716656 20501892
1790716657 20567264
1790716658 20592648
1790716659 21019472
1790716660 20781232
1790716661 18829832
1790716662 18673540
1790716663 18725496
1790716664 18752648
1790716665 18802480
1790716666 18786644
1790716667 18717096
1790716668 18740100
1790716669 18777376
1790716670 18809640
1790716671 18857248
1790716672 18182628
1790716673 17944884
1790716674 17613616
1790716675 17663648
1790716676 14893980
1790716677 17011008
1790716678 15103572
1790716679 16580072
1790716680 17914304
1790716681 17919544
1790716683 17448036
1790716684 16307300
1790716685 16191044
1790716686 14358284
1790716687 10201600
1790716688 10273156
1790716689 9764940
1790716690 9732116
1790716691 9854108
1790716692 9789252
1790716693 9659300
1790716694 9306708
1790716695 8141376
1790716696 8122112
1790716697 9739436
1790716698 9711964
1790716699 9471052
1790716700 9404092
1790716701 9345216
1790716702 9289884
1790716703 9221480
1790716704 9068920
1790716705 9019176
1790716706 9029036
1790716707 8888792
1790716708 8817328
1790716709 8669284
1790716710 8354480
1790716711 8291448
1790716712 8172864
1790716713 8158520
1790716714 8070648
1790716715 8087260
1790716716 8108756
1790716717 8125276
1790716718 8161352
1790716719 8213408
1790716720 8269068
1790716721 8274524
1790716722 8293980
1790716723 8315932
1790716724 8350028
1790716725 8383368
1790716726 8431316
1790716727 8440252
1790716728 8431644
1790716729 8461192
1790716730 8525752
1790716731 8638732
1790716732 8643604
1790716733 8649036
1790716734 8655704
1790716735 8660684
1790716736 8671232
1790716737 8678560
1790716738 8687364
1790716739 8700920
1790716740 8737932
1790716741 8732408
1790716742 8733548
1790716743 8735692
1790716744 8736264
1790716745 8737976
1790716746 8738604
1790716747 8739020
1790716748 8739864
1790716749 8741172
1790716750 8598364
1790716751 8599296
1790716752 8606540
1790716753 8615596
1790716754 8623856
1790716755 8639368
1790716756 8638888
1790716757 8646528
1790716758 8646620
1790716759 8656084
1790716760 8666296
1790716761 8685424
1790716762 8684216
1790716763 8691444
1790716764 8698168
1790716765 8703652
1790716766 8709720
1790716767 8685180
1790716768 8726108
1790716769 8728484
1790716770 8735284
1790716771 8721632
1790716772 8732540
1790716773 8735740
1790716774 8738116
1790716775 8741164
1790716776 8744204
1790716777 8747716
1790716778 8747208
1790716779 8751056
1790716780 8759600
1790716781 8758004
1790716782 8757708
1790716783 8758484
1790716784 8758480
1790716785 8758060
1790716786 8758788
1790716787 8760500
1790716788 8761284
1790716789 8760460
1790716790 8755904
1790716791 8756964
1790716792 8757908
1790716793 8757620
1790716794 8758020
1790716795 8760020
1790716796 8761796
1790716797 8762136
1790716798 8764516
1790716799 8765104
1790716800 8761552
1790716801 8762472
1790716802 8761492
1790716803 8749108
1790716804 8722232
1790716805 8722092
1790716806 8726556
1790716807 8728024
1790716808 8730752
1790716809 8732336
1790716810 8651808
1790716811 8743272
1790716812 8743452
1790716813 8745404
1790716814 8747308
1790716815 8751544
1790716816 8752192
1790716817 8751396
1790716818 8751692
1790716819 8753564
1790716820 8754088
1790716821 8610644
1790716822 8620156
1790716823 8628204
1790716824 8629408
1790716825 8637520
1790716826 8645220
1790716827 8663224
1790716828 8669524
1790716829 8677232
1790716830 8683848
1790716831 8685172
1790716832 8692984
1790716833 8699112
1790716834 8695768
1790716835 8719352
1790716836 8721164
1790716837 8726344
1790716838 8732956
1790716839 8735440
1790716840 8739344
1790716841 8612816
1790716842 8620268
1790716843 8627328
1790716844 8628568
1790716845 8637860
1790716846 8647928
1790716847 8654888
1790716848 8661780
1790716849 8668008
1790716850 8674940
1790716851 8689928
1790716852 8692980
1790716853 8700468
1790716854 8708136
1790716855 8715904
1790716856 8721764
1790716857 8727348
1790716858 8732256
1790716859 8731620
1790716860 8735128
1790716861 8743668
1790716862 8744420
1790716863 8745992
1790716864 8747424
1790716865 8749512
1790716866 8735400
1790716867 8731056
1790716868 8733072
1790716869 8738136
1790716870 8740580
1790716871 8748064
1790716872 8751640
1790716873 8753260
1790716874 8753508
1790716875 8754924
1790716876 8755708
1790716877 8754796
1790716878 8755012
1790716879 8754268
1790716880 8754208
1790716881 8606192
1790716882 8757584
1790716883 8756708
1790716884 8756976
1790716885 8757276
1790716886 8757612
1790716887 8758064
1790716888 8757064
1790716889 8758900
1790716890 8758396
1790716891 8757508
1790716892 8765280
1790716893 8765688
1790716894 8766100
1790716895 8765848
1790716896 8766684
1790716897 8767048
1790716898 8770124
1790716899 8769172
1790716900 8769116
1790716901 8769160
1790716902 8759152
1790716903 8759280
1790716904 8760136
1790716905 8761228
1790716906 8762164
1790716907 8762920
1790716908 8765644
1790716909 8766196
1790716910 8765736
1790716911 8765880
1790716912 8767936
1790716913 8766928
1790716914 8766612
1790716915 8765900
1790716916 8765260
1790716917 8766712
1790716918 8766188
1790716919 8765940
1790716920 8765724
1790716921 8766772
1790716922 8770960
1790716923 8770572
1790716924 8771908
1790716925 8772144
1790716926 8772480
1790716927 8772836
1790716928 8773404
1790716930 8746440
1790716931 8739132
1790716932 8734160
1790716933 8736860
1790716934 8740456
1790716935 8746164
1790716936 8752008
1790716937 8755756
1790716938 8757268
1790716939 8759164
1790716940 8761164
1790716941 8760648
1790716942 8763068
1790716943 8729684
1790716944 8729632
1790716945 8734592
1790716946 8742688
1790716947 8745932
1790716948 8748264
1790716949 8749000
1790716950 8749964
1790716951 8750536
1790716952 8752044
1790716953 8718948
1790716954 8720592
1790716955 8728148
1790716956 8733868
1790716957 8737928
1790716958 8740348
1790716959 8742400
1790716960 8746288
1790716961 8749340
1790716962 8766444
1790716963 8629772
1790716964 8750688
1790716965 8750436
1790716966 8750444
1790716967 8750888
1790716968 8754108
1790716969 8753980
1790716970 8754272
1790716971 8754300
1790716972 8754744
1790716973 8755100
1790716974 8760008
1790716975 8759708
1790716976 8759680
1790716977 8761252
1790716978 8761052
1790716979 8760548
1790716980 8761388
1790716981 8761792
1790716982 8761568
1790716983 8763188
1790716984 8761676
1790716985 8761444
1790716986 8760588
1790716987 8759724
1790716988 8762580
1790716989 8762944
1790716990 8763496
1790716991 8763336
1790716992 8763776
1790716993 8774148
1790716994 8619632
1790716995 8621960
1790716996 8633036
1790716997 8645676
1790716998 8655256
1790716999 8667088
1790717000 8683656
1790717001 8691728
1790717002 8715732
1790717003 8716072
1790717004 8728856
1790717005 8747060
1790717006 8748840
1790717007 8752060
1790717008 8756020
1790717009 8759600
1790717010 8765440
1790717011 8767664
1790717012 8766136
1790717013 8770328
1790717014 8780164
1790717015 8778720
1790717016 8777064
1790717017 8775552
1790717018 8774700
1790717019 8774304
1790717020 8774260
1790717021 8774564
1790717022 8773176
1790717023 8773340
1790717024 8775036
1790717025 8757816
1790717026 8734568
1790717027 8736364
1790717028 8739364
1790717029 8741804
1790717030 8743324
1790717031 8746472
1790717032 8747880
1790717033 8750016
1790717034 8609148
1790717035 8751592
1790717036 8753672
1790717037 8752908
1790717038 8753872
1790717039 8753220
1790717040 8755480
1790717041 8755660
1790717042 8757244
1790717043 8760364
1790717044 8762256
1790717045 8686264
1790717046 8694664
1790717047 8701408
1790717048 8709288
1790717049 8717624
1790717050 8723564
1790717051 8727796
1790717052 8732048
1790717053 8734860
1790717054 8737336
1790717055 8730336
1790717056 8735280
1790717057 8720120
1790717058 8703836
1790717059 8713024
1790717060 8719724
1790717061 8731732
1790717062 8740508
1790717063 8746768
1790717064 8750348
1790717065 8760032
1790717066 8761732
1790717067 8763752
1790717068 8766664
1790717069 8767020
1790717070 8767752
1790717071 8768892
1790717072 8771084
1790717073 8771932
1790717074 8772164
1790717075 8774172
1790717076 8772908
1790717077 8772132
1790717078 8771628
1790717079 8771440
1790717080 8770992
1790717081 8770052
1790717082 8768832
1790717083 8768900
1790717084 8769320
1790717085 8773976
1790717086 8774436
1790717087 8765448
1790717088 8781508
1790717089 8783540
1790717090 8769652
1790717091 8769120
1790717092 8768964
1790717093 8769376
1790717094 8768564
1790717095 8669020
1790717096 8675312
1790717097 8680868
1790717098 8689048
1790717099 8696412
1790717100 8704484
1790717101 8711716
1790717102 8718744
1790717103 8724560
1790717104 8729348
1790717105 8743280
1790717106 8746936
1790717107 8749056
1790717108 8751292
1790717109 8753472
1790717110 8756428
1790717111 8759772
1790717112 8760408
1790717113 8761552
1790717114 8763532
1790717115 8616436
1790717116 8763948
1790717117 8764492
1790717118 8762472
1790717119 8763908
1790717120 8761980
1790717121 8762084
1790717122 8764932
1790717123 8768404
1790717124 8771240
1790717125 8773144
1790717126 8772500
1790717127 8773128
1790717128 8773512
1790717129 8772912
1790717130 8773012
1790717131 8772272
1790717132 8771508
1790717133 8771588
1790717134 8771380
1790717135 8771080
1790717136 8769296
1790717137 8767724
1790717138 8766524
1790717139 8766792
1790717140 8766040
1790717141 8766232
1790717142 8767060
1790717143 8765360
1790717144 8759876
1790717145 8758540
1790717146 8768564
1790717147 8768504
1790717148 8768112
1790717149 8767548
1790717150 8768012
1790717151 8758532
1790717152 8762860
1790717153 8752460
1790717154 8753556
1790717155 8754128
1790717156 8755112
1790717157 8756436
1790717158 8759392
1790717159 8761188
1790717160 8763304
1790717161 8765336
1790717162 8765916
1790717163 8766548
1790717164 8767192
1790717165 8769784
1790717166 8763460
1790717167 8762256
1790717168 8762560
1790717169 8763812
1790717170 8763360
1790717171 8763496
1790717172 8763924
1790717173 8763984
1790717174 8765004
1790717175 8764548
1790717176 8768260
1790717177 8754400
1790717178 8766688
1790717179 8766496
1790717180 8766704
1790717181 8766392
1790717182 8768488
1790717183 8782756
1790717184 8757480
1790717185 8753388
1790717186 8608760
1790717187 8760368
1790717188 8762512
1790717189 8764332
1790717190 8768248
1790717191 8770412
1790717193 8771024
1790717194 8772200
1790717195 8771972
1790717196 8770976
1790717197 8770992
1790717198 8778640
1790717199 8777724
1790717200 8778176
1790717201 8777176
1790717202 8777780
1790717203 8777492
1790717204 8776600
1790717205 8776528
1790717206 8774764
1790717207 8774068
1790717208 8641880
1790717209 8649440
1790717210 8650484
1790717211 8658680
1790717212 8666468
1790717213 8666056
1790717214 8676692
1790717215 8676784
1790717216 8674888
1790717217 8672084
1790717218 8667460
1790717219 8674452
1790717220 8685804
1790717221 8698516
1790717222 8706984
1790717223 8715140
1790717224 8724300
1790717225 8729424
1790717226 8734968
1790717227 8738412
1790717228 8745860
1790717229 8745996
1790717230 8746836
1790717231 8747136
1790717232 8747896
1790717233 8749208
1790717234 8749944
1790717235 8751012
1790717236 8751416
1790717237 8752464
1790717238 8717980
1790717239 8719272
1790717240 8720652
1790717241 8725876
1790717242 8731392
1790717243 8735328
1790717244 8737936
1790717245 8740796
1790717246 8743328
1790717247 8754132
1790717248 8588816
1790717249 8607372
1790717250 8617344
1790717251 8627708
1790717252 8645096
1790717253 8648616
1790717254 8657040
1790717255 8676072
1790717256 8675968
1790717257 8686972
1790717258 8617596
1790717259 8626076
1790717260 8626508
1790717261 8641832
1790717262 8640784
1790717263 8649596
1790717264 8658876
1790717265 8672716
1790717266 8672048
1790717267 8679416
1790717268 8544432
1790717269 8672756
1790717270 8684752
1790717271 8686540
1790717272 8695952
1790717273 8700996
1790717274 8711920
1790717275 8717224
1790717276 8723864
1790717277 8729264
1790717278 8732196
1790717279 8741828
1790717280 8752140
1790717281 8751384
1790717282 8749820
1790717283 8749792
1790717284 8750136
1790717285 8750620
1790717286 8750888
1790717287 8752576
1790717288 8754168
1790717289 8754904
1790717290 8754684
1790717291 8755564
1790717292 8755468
1790717293 8755468
1790717294 8755216
1790717295 8756152
1790717296 8757092
1790717297 8757920
1790717298 8746708
1790717299 8596640
1790717300 8606608
1790717301 8608476
1790717302 8619700
1790717303 8630264
1790717304 8639640
1790717305 8649360
1790717306 8656440
1790717307 8665024
1790717308 8673972
1790717309 8680696
1790717310 8715952
1790717311 8710440
1790717312 8709812
1790717313 8717664
1790717314 8723524
1790717315 8729252
1790717316 8735128
1790717317 8742112
1790717318 8750800
1790717319 8718060
1790717320 8724812
1790717321 8731368
1790717322 8730996
1790717323 8737604
1790717324 8745248
1790717325 8743524
1790717326 8745692
1790717327 8747856
1790717328 8749960
1790717329 8754800
1790717330 8756436
1790717331 8759564
1790717332 8762432
1790717333 8763608
1790717334 8763944
1790717335 8765468
1790717336 8766776
1790717337 8766340
1790717338 8766284
1790717339 8732944
1790717340 8774272
1790717341 8774156
1790717342 8757196
1790717343 8756164
1790717344 8756764
1790717345 8758108
1790717346 8760212
1790717347 8759616
1790717348 8759464
1790717349 8760440
1790717350 8744688
1790717351 8745596
1790717352 8747900
1790717353 8748664
1790717354 8749540
1790717355 8753676
1790717356 8755640
1790717357 8755684
1790717358 8750476
1790717359 8750784
1790717360 8748908
1790717361 8748560
1790717362 8748192
1790717363 8748976
1790717364 8750600
1790717365 8750740
1790717366 8751304
1790717367 8750044
1790717368 8751184
1790717369 8750824
1790717370 8755528
1790717371 8754828
1790717372 8754776
1790717373 8740408
1790717374 8759796
1790717375 8750956
1790717376 8753640
1790717377 8759604
1790717378 8762808
1790717379 8763792
1790717380 8770052
1790717381 8771220
1790717382 8772920
1790717383 8772204
1790717384 8771092
1790717385 8770368
1790717386 8755976
1790717387 8741120
1790717388 8641336
1790717389 8379900
1790717390 8340876
1790717391 8314688
1790717392 8303600
1790717393 8295024
1790717394 8292004
1790717395 8445092
1790717396 8406532
1790717397 8453356
1790717398 8445036
1790717399 8405064
1790717400 8540644
1790717401 8510032
1790717402 8548176
1790717403 8572124
1790717404 8529168
1790717405 8539520
1790717406 8546276
1790717407 8566864
1790717408 8561452
1790717409 8501680
1790717410 8804088
1790717411 8764068
1790717412 8757452
1790717413 8741004
1790717414 8727092
1790717415 8707416
1790717416 8687192
1790717417 8587880
1790717418 8628328
1790717419 8629968
1790717420 8510080
1790717421 8644588
1790717422 8641576
1790717423 8605996
1790717424 8618292
1790717425 8640152
1790717426 8664732
1790717427 8640612
1790717428 8652756
1790717430 8654836
1790717431 8671720
1790717432 8333200
1790717433 8434988
1790717434 8425660
1790717435 8412328
1790717436 8401744
1790717437 8396068
1790717438 8734128
1790717439 8718212
1790717440 8704804
1790717441 8704088
1790717442 8670068
1790717443 8673640
1790717444 8681656
1790717445 8688964
1790717446 8697664
1790717447 8705424
1790717448 8712080
1790717449 8715576
1790717450 8718144
1790717451 8721664
1790717452 8726592
1790717453 8728004
1790717454 8729780
1790717455 8731308
1790717456 8731788
1790717457 8732460
1790717458 8734040
1790717459 8736700
1790717460 8737988
1790717461 8739884
1790717462 8740140
1790717463 8750468
1790717464 8742116
1790717465 8730276
1790717466 8731808
1790717467 8732852
1790717468 8732656
1790717469 8733528
1790717470 8734304
1790717471 8735516
1790717472 8730444
1790717473 8720980
1790717474 8721776
1790717475 8722744
1790717476 8724568
1790717477 8726304
1790717478 8725708
1790717479 8726264
1790717480 8728364
1790717481 8730404
1790717482 8735376
1790717483 8734004
1790717484 8733628
1790717485 8733032
1790717486 8733196
1790717487 8735384
1790717488 8738032
1790717489 8739520
1790717490 8741624
1790717491 8734936
1790717492 8736336
1790717493 8737176
1790717494 8739224
1790717495 8729000
1790717496 8716156
1790717497 8701996
1790717498 8690968
1790717499 8486684
1790717500 8366680
1790717501 8333376
1790717502 8177844
1790717503 8321564
1790717504 8325136
1790717505 8442752
1790717506 8301156
1790717507 8417924
1790717508 8457008
1790717509 8419868
1790717510 8424256
1790717511 8488396
1790717512 8500124
1790717513 8459300
1790717514 8470372
1790717515 8486256
1790717516 8491580
1790717517 8524844
1790717518 8535312
1790717519 8544660
1790717520 8538120
1790717521 8551120
1790717522 8554836
1790717523 8599024
1790717524 8582576
1790717525 8584700
1790717526 8600800
1790717527 8565708
1790717528 8582168
1790717529 8589848
1790717530 8593384
1790717531 8544856
1790717532 8541256
1790717533 8580772
1790717534 8590104
1790717535 8592796
1790717536 8598056
1790717537 8597208
1790717538 8617624
1790717539 8611036
1790717540 8580368
1790717541 8551728
1790717542 8554792
1790717543 8605228
1790717544 8600552
1790717545 8437100
1790717546 8425368
1790717547 8409416
1790717548 8398100
1790717549 8387012
1790717550 8384384
1790717551 8719748
1790717552 8668440
1790717553 8662712
1790717554 8663316
1790717555 8663696
1790717556 8665580
1790717557 8667000
1790717558 8669176
1790717559 8670992
1790717560 8671076
1790717561 8672712
1790717562 8646600
1790717563 8507908
1790717564 8491228
1790717565 8480520
1790717566 8482764
1790717567 8511216
1790717568 8517820
1790717569 8488208
1790717570 12609552
1790717571 14906500
1790717572 122294304
1790717573 122258156
1790717574 122254604
1790717575 122254788
1790717576 122254492
1790717577 122254188
1790717578 122256508
1790717579 122260708
1790717580 122263492
1790717581 122267004
1790717582 122268612
1790717583 122316724
1790717584 122304924
1790717585 122240388
1790717586 122212924
1790717587 122225640
1790717588 122224620
1790717589 122193196
1790717590 122228304
1790717591 122232940
1790717592 122236980
1790717593 122221472
1790717594 122447776
1790717595 122261444
1790717596 122035580
1790717597 122024312
1790717598 122009440
1790717599 122029836
1790717600 121876152
1790717601 121954960
1790717602 121924600
1790717603 121925352
1790717604 121961540
1790717605 121799256
1790717606 121812636
1790717607 121838992
1790717608 121844988
1790717609 121875648
1790717610 121746752
1790717611 121779168
1790717612 121798028
1790717613 121898236
1790717614 121907548
1790717615 121980316
1790717616 121757360
1790717617 121735592
1790717618 121730108
1790717619 121711600
1790717620 121676624
1790717621 121515400
1790717622 121509712
1790717623 121499944
1790717624 121536776
1790717625 121549272
1790717626 121395460
1790717627 121430064
1790717628 121431928
1790717629 121435160
1790717630 120669180
1790717631 120533820
1790717632 120509692
1790717633 120487916
1790717634 120339700
1790717635 120045156
1790717636 119998164
1790717637 119968828
1790717638 119934680
1790717639 119904476
1790717640 119900324
1790717641 119720128
1790717642 119675776
1790717643 119450868
1790717644 118767064
1790717645 119249172
1790717646 119137848
1790717647 119083368
1790717648 119075892
1790717649 119068472
1790717650 119025256
1790717651 118994264
1790717652 118587592
1790717653 118109132
1790717654 118260172
1790717655 118271068
1790717656 118295616
1790717657 118202568
1790717658 117656688
1790717659 116939020
1790717660 116782008
1790717661 116751276
1790717662 116739632
1790717663 116770716
1790717664 116811664
1790717665 115687156
1790717666 104174112
1790717667 79344044
1790717668 54416800
1790717669 29385840
1790717670 24485372
1790717671 24546112
1790717672 24516492
1790717673 24564120
1790717674 24519032
1790717675 24540100
1790717676 24558992
1790717677 24490412
1790717679 24590332
1790717680 24639948
1790717681 24657364
1790717682 24691304
1790717683 24712532
1790717684 24747364
1790717685 24752104
1790717686 24777668
1790717687 24765544
1790717688 24774728
1790717689 24657320
1790717690 24670880
1790717691 24687788
1790717692 24726080
1790717693 24737348
1790717694 24699164
1790717695 24704576
1790717696 24708756
1790717697 24718144
1790717698 24717280
1790717699 24650908
1790717700 24700136
1790717701 24695604
1790717702 24675888
1790717703 24654812
1790717704 24012456
1790717705 23753352
1790717706 20395500
1790717707 18435340
1790717708 16804992
1790717709 16676164
1790717710 16678236
1790717711 16733320
1790717712 16758720
1790717713 16772104
1790717714 21458096
1790717715 21290044
1790717716 20537772
1790717717 20449552
1790717718 20427640
1790717719 20436612
1790717720 20326584
1790717721 20368660
1790717722 19645496
1790717723 19719956
1790717724 20701840
1790717725 19436032
1790717726 18770160
1790717727 18780844
1790717728 18803208
1790717729 18815908
1790717730 18779576
1790717731 18780564
1790717732 18784312
1790717733 18803340
1790717734 18850860
1790717735 18774876
1790717736 17798584
1790717737 18324988
1790717738 17727396
1790717739 17824440
1790717740 16466436
1790717741 15834424
1790717742 14742088
1790717743 17236940
1790717744 18371364
1790717745 18366824
1790717746 17932528
1790717747 16775636
1790717748 16640324
1790717749 15804560
1790717750 8498892
1790717751 7798860
1790717752 7765544
1790717753 6607480
1790717754 7243568
1790717755 7226536
1790717756 7025952
1790717757 6924060
1790717758 6857708
1790717759 6909976
1790717760 6827012
1790717761 6752524
1790717762 6791760
1790717763 6737116
1790717764 7072952
1790717765 6957068
1790717766 6804380
1790717767 6398560
1790717768 6402652
1790717769 6359628
1790717770 6350372
1790717771 6299544
1790717772 6372216
1790717773 6373936
1790717774 6387140
1790717775 6385348
1790717776 6401124
1790717777 6453408
1790717778 6440208
1790717779 6466480
1790717780 6466820
1790717781 6463328
1790717782 6483860
1790717783 6465588
1790717784 6651952
1790717785 6646524
1790717786 6652480
1790717787 6664996
1790717788 6669244
1790717789 6670564
1790717790 6673828
1790717791 6674704
1790717792 6675172
1790717793 6674596
1790717794 6682324
1790717795 6682020
1790717796 6694832
1790717797 6695472
1790717798 6696680
1790717799 6696440
1790717800 6695944
1790717801 6696908
1790717802 6698000
1790717803 6697820
1790717804 6697972
1790717805 6697972
1790717806 6702016
1790717807 6708836
1790717808 6707264
1790717809 6705252
1790717810 6703244
1790717811 6703184
1790717812 6701936
1790717813 6702804
1790717814 6703976
1790717815 6705680
1790717816 6706276
1790717817 6708860
1790717818 6707868
1790717819 6706700
1790717820 6708936
1790717821 6709632
1790717822 6701376
1790717823 6701820
1790717824 6704464
1790717825 6703584
1790717826 6703084
1790717827 6568524
1790717828 6563632
1790717829 6571564
1790717830 6578728
1790717831 6587920
1790717832 6594844
1790717833 6605540
1790717834 6612164
1790717835 6619576
1790717836 6622084
1790717837 6502776
1790717838 6637360
1790717839 6646428
1790717840 6654420
1790717841 6660360
1790717842 6668468
1790717843 6641928
1790717844 6659412
1790717845 6663896
1790717846 6668624
1790717847 6671652
1790717848 6557252
1790717849 6568184
1790717850 6579444
1790717851 6589724
1790717852 6601720
1790717853 6622020
1790717854 6631508
1790717855 6639968
1790717856 6647016
1790717857 6655888
1790717858 6663556
1790717859 6673476
1790717860 6674716
1790717861 6681316
1790717862 6684692
1790717863 6688912
1790717864 6693380
1790717865 6702212
1790717866 6702676
1790717867 6701568
1790717868 6706236
1790717869 6706392
1790717870 6706992
1790717871 6705860
1790717872 6708916
1790717873 6709316
1790717874 6711024
1790717875 6711816
1790717876 6711144
